person 0.310 0.0734375 0.327315 0.0302083 0.125
person 0.320 0.43125 0.0810185 0.021875 0.0805556
person 0.330 0.127344 0.287963 0.0317708 0.148148
person 0.340 0.85599 0.0148148 0.0265625 0.0296296
person 0.360 0.990885 0.893056 0.0182292 0.189815
car 0.372 0.367448 0.303241 0.107813 0.162037
person 0.380 0.0294271 0.331944 0.0338542 0.143519
potted plant 0.3958 0.340885 0.127315 0.0421875 0.10463
suitcase 0.5528 0.682031 0.664352 0.0630208 0.158333
person 0.610 0.765625 0.0388889 0.0260417 0.0777778
person 0.740 0.651823 0.104167 0.0265625 0.123148
person 0.750 0.620573 0.101852 0.0286458 0.127778
person 0.800 0.442448 0.152315 0.0317708 0.128704
person 0.800 0.650521 0.461111 0.0510417 0.175926
person 0.830 0.766406 0.951852 0.0609375 0.0962963
person 0.850 0.883073 0.861111 0.0651042 0.277778
person 0.870 0.159896 0.480093 0.0489583 0.208333
