person 0.250 0.0736979 0.327315 0.0317708 0.125
car 0.262 0.367969 0.302315 0.107813 0.167593
person 0.270 0.84401 0.0555556 0.0244792 0.0851852
person 0.270 0.125781 0.288426 0.0348958 0.15463
suitcase 0.2828 0.366927 0.302315 0.108854 0.163889
potted plant 0.2958 0.341146 0.121296 0.0416667 0.0981481
person 0.290 0.0289063 0.332407 0.0359375 0.144444
person 0.450 0.827604 0.0481481 0.0354167 0.0962963
suitcase 0.5128 0.681771 0.664815 0.0635417 0.159259
bicycle 0.541 0.842188 0.0606481 0.025 0.0787037
bicycle 0.571 0.296094 0.806944 0.0817708 0.199074
person 0.580 0.315625 0.197222 0.0322917 0.15
person 0.630 0.540885 0.0782407 0.0223958 0.113889
person 0.630 0.565104 0.0819444 0.0260417 0.125
bicycle 0.641 0.505469 0.756019 0.0338542 0.123148
person 0.700 0.854948 0.925926 0.0640625 0.146296
person 0.720 0.526302 0.193056 0.0348958 0.14537
person 0.770 0.88099 0.099537 0.0296875 0.134259
person 0.800 0.556771 0.193519 0.028125 0.144444
person 0.800 0.282552 0.736111 0.0723958 0.257407
person 0.830 0.930729 0.531944 0.0572917 0.225
person 0.870 0.533333 0.704167 0.0625 0.219444
