person 0.300 0.0710938 0.325463 0.0286458 0.125
potted plant 0.3058 0.341146 0.118056 0.0385417 0.0935185
backpack 0.3124 0.736458 0.0555556 0.0270833 0.1
suitcase 0.3528 0.367448 0.302315 0.107813 0.165741
bicycle 0.361 0.684375 0.388426 0.01875 0.0916667
suitcase 0.4328 0.681771 0.665278 0.0625 0.158333
person 0.450 0.622656 0.0222222 0.0182292 0.0444444
person 0.520 0.0294271 0.332407 0.0338542 0.144444
person 0.590 0.463281 0.96713 0.0442708 0.0657407
person 0.620 0.736979 0.0583333 0.0260417 0.107407
person 0.650 0.501562 0.0712963 0.0270833 0.12037
person 0.700 0.671615 0.0574074 0.0307292 0.114815
person 0.740 0.250521 0.366667 0.0427083 0.17963
person 0.740 0.700521 0.0583333 0.021875 0.114815
person 0.760 0.341667 0.214352 0.0270833 0.134259
person 0.780 0.120312 0.386574 0.0427083 0.176852
person 0.790 0.70026 0.351852 0.0463542 0.161111
person 0.890 0.817969 0.820833 0.0578125 0.273148
