person 0.250 0.0726563 0.327315 0.0307292 0.126852
person 0.270 0.990885 0.893981 0.0182292 0.189815
person 0.300 0.127344 0.2875 0.0317708 0.149074
person 0.310 0.856771 0.0138889 0.0239583 0.0277778
car 0.322 0.367448 0.30463 0.106771 0.161111
bicycle 0.321 0.641667 0.493981 0.0364583 0.0972222
person 0.370 0.0296875 0.331944 0.0333333 0.143519
potted plant 0.4158 0.342969 0.125463 0.0421875 0.108333
person 0.420 0.0117188 0.468981 0.0223958 0.19537
suitcase 0.5728 0.681771 0.663889 0.0635417 0.159259
person 0.590 0.763021 0.0421296 0.0270833 0.0842593
person 0.720 0.62526 0.0953704 0.0286458 0.122222
person 0.780 0.655208 0.448611 0.0510417 0.175
person 0.780 0.433333 0.151852 0.0239583 0.133333
person 0.820 0.658333 0.102315 0.0229167 0.134259
person 0.840 0.767708 0.943519 0.0614583 0.111111
person 0.860 0.882812 0.868981 0.0645833 0.260185
person 0.870 0.16875 0.469907 0.0489583 0.20463
