person 0.320 0.705469 0.0111111 0.0109375 0.0222222
person 0.320 0.0739583 0.327315 0.03125 0.125
car 0.332 0.367708 0.304167 0.10625 0.160185
person 0.350 0.196354 0.216204 0.028125 0.141667
potted plant 0.4058 0.343229 0.126852 0.0427083 0.103704
suitcase 0.4128 0.68151 0.664815 0.0630208 0.159259
person 0.430 0.12526 0.2875 0.0338542 0.158333
person 0.480 0.799479 0.0638889 0.0416667 0.125926
bicycle 0.491 0.807552 0.0884259 0.0317708 0.0824074
person 0.520 0.559896 0.0449074 0.0260417 0.087963
person 0.590 0.529167 0.112963 0.0260417 0.133333
person 0.610 0.901042 0.738426 0.0458333 0.108333
person 0.670 0.884896 0.843518 0.059375 0.183333
motorcycle 0.683 0.435156 0.912963 0.0453125 0.157407
bicycle 0.691 0.397917 0.651852 0.0770833 0.172222
person 0.740 0.583073 0.0523148 0.0213542 0.10463
person 0.760 0.382552 0.587037 0.0692708 0.209259
person 0.800 0.0270833 0.460185 0.0510417 0.17963
person 0.800 0.503906 0.241667 0.0317708 0.148148
person 0.830 0.87526 0.134259 0.0328125 0.142593
person 0.830 0.253646 0.246296 0.0354167 0.155556
person 0.840 0.466667 0.237037 0.0385417 0.161111
person 0.880 0.459115 0.84213 0.0723958 0.234259
