person 0.280 0.859115 0.012037 0.0244792 0.0240741
car 0.292 0.367188 0.30463 0.10625 0.159259
person 0.290 0.0726563 0.327778 0.0307292 0.127778
person 0.300 0.990885 0.894444 0.0182292 0.190741
person 0.340 0.127604 0.2875 0.03125 0.149074
bicycle 0.381 0.646615 0.484259 0.0380208 0.105556
potted plant 0.3858 0.342708 0.125926 0.0416667 0.105556
person 0.400 0.0299479 0.331481 0.0328125 0.142593
suitcase 0.5228 0.682031 0.664815 0.0630208 0.159259
person 0.570 0.760156 0.0430556 0.0244792 0.0861111
person 0.680 0.0179687 0.455093 0.0359375 0.208333
person 0.750 0.658333 0.441204 0.0520833 0.175
person 0.760 0.627865 0.0939815 0.0296875 0.125
person 0.770 0.176302 0.458796 0.0494792 0.200926
person 0.780 0.427865 0.158333 0.0276042 0.124074
person 0.780 0.660417 0.0967593 0.0229167 0.126852
person 0.860 0.880729 0.876852 0.0635417 0.246296
person 0.880 0.766406 0.932407 0.0640625 0.133333
