person 0.260 0.0734375 0.325926 0.03125 0.122222
person 0.270 0.197135 0.209259 0.0276042 0.135185
handbag 0.3126 0.865365 0.696759 0.0630208 0.237963
bicycle 0.321 0.727865 0.0893519 0.0286458 0.0731481
bicycle 0.341 0.782031 0.103241 0.0473958 0.141667
handbag 0.3426 0.122135 0.940741 0.0317708 0.0888889
bicycle 0.351 0.792708 0.130556 0.0260417 0.087037
handbag 0.3626 0.878125 0.724074 0.034375 0.062963
person 0.390 0.0289063 0.331481 0.0359375 0.144444
potted plant 0.4058 0.34349 0.124537 0.0421875 0.106481
person 0.420 0.126302 0.287963 0.0307292 0.151852
person 0.420 0.697656 0.0194444 0.0130208 0.0388889
suitcase 0.4728 0.681771 0.665278 0.0625 0.160185
motorcycle 0.493 0.727604 0.087037 0.0270833 0.0759259
person 0.530 0.8625 0.936574 0.06875 0.126852
person 0.590 0.729167 0.0578704 0.028125 0.10463
person 0.600 0.781771 0.0990741 0.04375 0.142593
person 0.660 0.178906 0.293981 0.0359375 0.176852
person 0.720 0.467708 0.476852 0.053125 0.203704
bicycle 0.721 0.479948 0.530093 0.0828125 0.156481
person 0.730 0.15651 0.370833 0.0505208 0.176852
person 0.740 0.609896 0.0356481 0.0197917 0.0712963
person 0.740 0.53125 0.0569444 0.0302083 0.113889
person 0.750 0.959115 0.238889 0.0411458 0.153704
person 0.750 0.376042 0.951389 0.0770833 0.0972222
person 0.760 0.479688 0.137963 0.0291667 0.15
person 0.800 0.401302 0.288889 0.0390625 0.174074
person 0.800 0.863542 0.700463 0.0635417 0.249074
person 0.830 0.875 0.181019 0.034375 0.158333
person 0.840 0.443229 0.302315 0.034375 0.169444
person 0.850 0.138021 0.881481 0.0614583 0.233333
