person 0.260 0.860677 0.0194444 0.0265625 0.0388889
person 0.270 0.0736979 0.327315 0.0317708 0.125
car 0.282 0.368229 0.302315 0.108333 0.169444
person 0.280 0.0286458 0.332407 0.0364583 0.144444
person 0.300 0.126042 0.287963 0.034375 0.155556
person 0.310 0.841927 0.0560185 0.0265625 0.0842593
bicycle 0.311 0.822135 0.0555556 0.0265625 0.087037
potted plant 0.3858 0.340625 0.124537 0.0458333 0.106481
suitcase 0.4128 0.681771 0.664815 0.0635417 0.159259
person 0.520 0.54349 0.074537 0.0223958 0.121296
person 0.550 0.563281 0.087963 0.0286458 0.124074
bicycle 0.561 0.498698 0.764352 0.0369792 0.130556
bicycle 0.571 0.841146 0.0625 0.0260417 0.0805556
person 0.600 0.824479 0.049537 0.0302083 0.0990741
bicycle 0.641 0.309896 0.785648 0.0895833 0.202778
person 0.730 0.551302 0.203241 0.0255208 0.139815
person 0.750 0.29375 0.724537 0.071875 0.256481
person 0.750 0.880208 0.107407 0.0302083 0.133333
person 0.770 0.865104 0.915741 0.078125 0.164815
person 0.800 0.520052 0.19537 0.0348958 0.151852
person 0.810 0.935938 0.522685 0.0552083 0.232407
person 0.870 0.526823 0.708333 0.0619792 0.218519
