person 0.310 0.0734375 0.326852 0.0302083 0.124074
person 0.330 0.623958 0.0384259 0.028125 0.0768519
person 0.370 0.0296875 0.331944 0.0333333 0.143519
potted plant 0.3758 0.340625 0.125463 0.0416667 0.106481
person 0.380 0.125521 0.288889 0.0322917 0.153704
car 0.412 0.367188 0.30463 0.107292 0.161111
person 0.470 0.854427 0.0208333 0.0286458 0.0416667
suitcase 0.4728 0.682292 0.664815 0.0635417 0.157407
surfboard 0.5737 0.865365 0.82963 0.0286458 0.161111
motorcycle 0.583 0.611719 0.54213 0.0348958 0.117593
person 0.680 0.78724 0.0356481 0.0265625 0.0712963
person 0.700 0.904167 0.0569444 0.0302083 0.113889
person 0.750 0.409375 0.134722 0.028125 0.132407
person 0.770 0.635156 0.120833 0.0276042 0.132407
person 0.780 0.604948 0.11713 0.0307292 0.134259
person 0.810 0.628646 0.497222 0.053125 0.175926
person 0.830 0.467969 0.135648 0.0276042 0.126852
person 0.850 0.892969 0.778704 0.0682292 0.292593
person 0.860 0.115625 0.514815 0.053125 0.207407
