person 0.280 0.0734375 0.327315 0.0302083 0.125
surfboard 0.3237 0.866927 0.860648 0.0265625 0.173148
person 0.320 0.0296875 0.332407 0.034375 0.142593
person 0.370 0.125521 0.288889 0.0322917 0.153704
car 0.372 0.367188 0.304167 0.107292 0.162037
person 0.400 0.855729 0.0194444 0.0260417 0.0388889
potted plant 0.4058 0.340625 0.125463 0.0427083 0.108333
bicycle 0.431 0.617188 0.534722 0.0322917 0.102778
person 0.480 0.907031 0.0532407 0.0296875 0.106481
suitcase 0.5828 0.682031 0.664815 0.0630208 0.157407
person 0.680 0.782552 0.0365741 0.0276042 0.0731481
person 0.770 0.415625 0.127315 0.0260417 0.128704
person 0.790 0.609115 0.109722 0.0276042 0.132407
person 0.800 0.460677 0.141204 0.0255208 0.123148
person 0.810 0.640625 0.116204 0.021875 0.134259
person 0.820 0.633333 0.493519 0.0541667 0.177778
person 0.840 0.891667 0.807407 0.0645833 0.288889
person 0.890 0.133333 0.509722 0.0604167 0.210185
