person 0.260 0.548698 0.0986111 0.0296875 0.139815
person 0.300 0.0289063 0.332407 0.0359375 0.144444
person 0.300 0.0736979 0.327315 0.0317708 0.125
bicycle 0.341 0.811458 0.0611111 0.040625 0.112963
person 0.360 0.125 0.287963 0.034375 0.155556
car 0.412 0.367708 0.302778 0.107292 0.162963
potted plant 0.4458 0.341146 0.125 0.0427083 0.105556
suitcase 0.4728 0.681771 0.664815 0.0635417 0.159259
bicycle 0.481 0.82474 0.074537 0.0328125 0.0805556
motorcycle 0.493 0.353646 0.711574 0.0833333 0.193519
suitcase 0.5128 0.947396 0.474074 0.05 0.216667
person 0.520 0.281771 0.22963 0.03125 0.146296
bicycle 0.541 0.355729 0.712963 0.0822917 0.192593
person 0.560 0.565885 0.0583333 0.0203125 0.105556
bicycle 0.621 0.467187 0.833333 0.0364583 0.137037
person 0.620 0.340104 0.641204 0.0677083 0.217593
person 0.700 0.808333 0.0550926 0.0375 0.110185
person 0.750 0.526563 0.218981 0.028125 0.150926
person 0.800 0.879427 0.12037 0.0317708 0.140741
person 0.810 0.494271 0.211111 0.0322917 0.159259
person 0.820 0.495052 0.781018 0.0651042 0.232407
person 0.830 0.876042 0.877778 0.06875 0.242593
