person 0.340 0.196094 0.212963 0.0276042 0.142593
person 0.350 0.125521 0.288889 0.0333333 0.155556
person 0.380 0.703906 0.0125 0.0119792 0.025
person 0.390 0.071875 0.324074 0.0322917 0.118519
potted plant 0.4158 0.34375 0.125926 0.0427083 0.103704
person 0.420 0.0294271 0.333796 0.0338542 0.14537
bicycle 0.441 0.795573 0.10463 0.0380208 0.0814815
person 0.540 0.0153646 0.965278 0.0307292 0.0675926
suitcase 0.6128 0.681771 0.664815 0.0635417 0.159259
bicycle 0.621 0.408854 0.94537 0.04375 0.109259
person 0.670 0.917188 0.705556 0.0333333 0.133333
person 0.710 0.551042 0.0472222 0.0270833 0.0944444
person 0.720 0.793229 0.0675926 0.0416667 0.135185
person 0.730 0.51276 0.115278 0.0296875 0.14537
person 0.740 0.0648438 0.433796 0.0411458 0.180556
person 0.760 0.591927 0.0467593 0.0234375 0.0898148
bicycle 0.771 0.42474 0.612963 0.0796875 0.164815
person 0.780 0.407552 0.550926 0.0598958 0.2
person 0.800 0.875521 0.15 0.0333333 0.142593
person 0.820 0.232292 0.261574 0.0364583 0.162037
person 0.830 0.447656 0.252315 0.0380208 0.162037
person 0.840 0.884375 0.806944 0.0604167 0.219444
person 0.840 0.485938 0.260648 0.0291667 0.162037
person 0.850 0.43724 0.884722 0.0744792 0.223148
