person 0.260 0.884375 0.0148148 0.0135417 0.0296296
person 0.300 0.0736979 0.327315 0.0317708 0.125
person 0.320 0.196875 0.216667 0.0291667 0.142593
car 0.362 0.367969 0.303241 0.106771 0.162037
person 0.360 0.0263021 0.331481 0.0432292 0.146296
person 0.360 0.125 0.287037 0.034375 0.157407
suitcase 0.3928 0.681771 0.664815 0.0635417 0.159259
potted plant 0.4058 0.34349 0.125463 0.0432292 0.10463
person 0.440 0.540365 0.105556 0.0255208 0.131481
bicycle 0.511 0.817448 0.0787037 0.0348958 0.0833333
person 0.560 0.273177 0.236574 0.0359375 0.150926
person 0.640 0.808594 0.0560185 0.0390625 0.112037
bicycle 0.651 0.454167 0.864352 0.0375 0.139815
bicycle 0.681 0.369271 0.688889 0.0822917 0.183333
person 0.700 0.879948 0.847222 0.0536458 0.237037
person 0.760 0.570573 0.0550926 0.0203125 0.110185
person 0.790 0.355729 0.630093 0.065625 0.234259
person 0.820 0.484375 0.222685 0.0354167 0.158333
person 0.820 0.51849 0.231019 0.0265625 0.149074
person 0.820 0.877344 0.130093 0.0317708 0.139815
person 0.890 0.48099 0.797685 0.0703125 0.228704
