handbag 0.2626 0.882812 0.775463 0.0354167 0.0675926
person 0.280 0.125521 0.282407 0.0322917 0.138889
bicycle 0.291 0.797396 0.110648 0.028125 0.0953704
person 0.300 0.763021 0.0615741 0.040625 0.113889
person 0.370 0.0291667 0.332407 0.034375 0.142593
bicycle 0.381 0.754167 0.0555556 0.0239583 0.0833333
bicycle 0.401 0.78776 0.087963 0.0442708 0.140741
person 0.410 0.700781 0.0166667 0.0140625 0.0333333
potted plant 0.4258 0.34375 0.125 0.0427083 0.107407
person 0.540 0.933854 0.645833 0.040625 0.121296
suitcase 0.5728 0.681771 0.664815 0.0635417 0.159259
person 0.580 0.498437 0.132407 0.0333333 0.133333
person 0.590 0.754167 0.0476852 0.025 0.0953704
person 0.640 0.78724 0.0861111 0.0432292 0.142593
person 0.700 0.203385 0.273611 0.0369792 0.175
bicycle 0.711 0.457031 0.571759 0.0776042 0.150926
person 0.710 0.44401 0.512963 0.0619792 0.209259
person 0.760 0.541667 0.0532407 0.0270833 0.106481
person 0.760 0.874479 0.752315 0.0666667 0.260185
person 0.770 0.603646 0.0407407 0.021875 0.0814815
person 0.800 0.422135 0.269907 0.0359375 0.167593
person 0.800 0.114844 0.400926 0.0369792 0.181481
person 0.800 0.403906 0.920833 0.0734375 0.15463
person 0.820 0.46276 0.280093 0.0296875 0.160185
person 0.820 0.873177 0.167593 0.0328125 0.148148
person 0.840 0.0890625 0.916667 0.0572917 0.162963
