person 0.260 0.0708333 0.325926 0.0260417 0.124074
person 0.320 0.126302 0.286574 0.0317708 0.141667
suitcase 0.4028 0.681771 0.664815 0.0625 0.159259
person 0.490 0.0299479 0.332407 0.0328125 0.142593
person 0.520 0.494531 0.075 0.0234375 0.122222
bicycle 0.531 0.682031 0.401389 0.0255208 0.100926
person 0.530 0.62474 0.0203704 0.0192708 0.0407407
person 0.680 0.740104 0.0574074 0.0270833 0.105556
person 0.720 0.694271 0.366204 0.046875 0.165741
person 0.770 0.665885 0.0587963 0.0265625 0.117593
person 0.770 0.104167 0.398611 0.0385417 0.186111
person 0.810 0.353125 0.206019 0.025 0.134259
person 0.820 0.696615 0.0606481 0.0223958 0.119444
person 0.890 0.811198 0.831944 0.0578125 0.260185
person 0.900 0.242969 0.372685 0.0442708 0.189815
