person 0.260 0.865625 0.0180556 0.015625 0.0361111
person 0.270 0.0726563 0.324537 0.0328125 0.125
person 0.310 0.0291667 0.331944 0.0354167 0.143519
bicycle 0.331 0.823177 0.0569444 0.0411458 0.108333
person 0.340 0.12526 0.2875 0.0348958 0.156481
suitcase 0.3628 0.68151 0.665278 0.0630208 0.158333
car 0.382 0.367448 0.302778 0.107813 0.164815
potted plant 0.4158 0.343229 0.125463 0.04375 0.106481
person 0.450 0.575521 0.0402778 0.025 0.0805556
bicycle 0.481 0.489583 0.791667 0.0427083 0.138889
person 0.560 0.820052 0.0564815 0.0348958 0.112963
bicycle 0.601 0.834635 0.0662037 0.0286458 0.0805556
person 0.660 0.556771 0.0912037 0.03125 0.14537
bicycle 0.701 0.33125 0.756944 0.084375 0.197222
person 0.740 0.878906 0.109259 0.0307292 0.137037
person 0.740 0.867708 0.901852 0.0677083 0.194444
person 0.780 0.313802 0.663426 0.0734375 0.184259
person 0.790 0.941927 0.502778 0.0526042 0.224074
person 0.800 0.511979 0.74213 0.0666667 0.230556
person 0.810 0.511458 0.199074 0.0322917 0.146296
person 0.830 0.542969 0.207407 0.0255208 0.144444
