person 0.270 0.00572917 0.348611 0.0114583 0.112037
person 0.270 0.197396 0.213889 0.0302083 0.142593
potted plant 0.2858 0.338802 0.122685 0.0359375 0.0990741
person 0.300 0.0734375 0.327315 0.0302083 0.123148
person 0.350 0.0265625 0.331481 0.0416667 0.144444
person 0.390 0.126042 0.289352 0.034375 0.15463
person 0.450 0.838542 0.0384259 0.0260417 0.0675926
person 0.450 0.827604 0.0319444 0.0291667 0.0638889
person 0.480 0.858333 0.037963 0.0166667 0.0666667
suitcase 0.4928 0.367188 0.304167 0.108333 0.162037
bicycle 0.541 0.201042 0.934722 0.0927083 0.126852
person 0.570 0.597396 0.0523148 0.0260417 0.0990741
suitcase 0.5828 0.681771 0.664815 0.0635417 0.159259
bicycle 0.601 0.56901 0.637037 0.0411458 0.122222
person 0.700 0.366406 0.158796 0.0307292 0.149074
person 0.710 0.890625 0.0717593 0.0291667 0.128704
person 0.760 0.602344 0.156944 0.0234375 0.136111
person 0.770 0.503385 0.106481 0.0234375 0.112963
person 0.780 0.56849 0.15463 0.0338542 0.144444
person 0.840 0.0255208 0.611574 0.05 0.234259
person 0.840 0.585938 0.585185 0.059375 0.187037
person 0.850 0.166927 0.883796 0.0838542 0.215741
person 0.860 0.895312 0.648148 0.065625 0.257407
