handbag 0.2526 0.129688 0.901389 0.0385417 0.182407
person 0.260 0.878646 0.713426 0.0375 0.0805556
person 0.280 0.196875 0.211574 0.028125 0.139815
person 0.290 0.126042 0.286111 0.03125 0.148148
handbag 0.3426 0.126042 0.934259 0.0333333 0.0907407
handbag 0.3826 0.871094 0.701389 0.0463542 0.112037
bicycle 0.391 0.793229 0.131944 0.025 0.087963
person 0.400 0.0289063 0.331944 0.0359375 0.143519
person 0.410 0.697396 0.0199074 0.0125 0.0398148
potted plant 0.4158 0.34349 0.125 0.0421875 0.107407
bicycle 0.431 0.72526 0.0921296 0.0276042 0.0712963
suitcase 0.5028 0.68151 0.664815 0.0630208 0.159259
handbag 0.5226 0.877604 0.71713 0.0354167 0.062037
person 0.550 0.158073 0.366204 0.0484375 0.182407
person 0.580 0.78125 0.099537 0.0447917 0.14537
person 0.590 0.727083 0.0638889 0.0291667 0.112963
person 0.660 0.179167 0.3 0.0354167 0.164815
person 0.700 0.860417 0.933796 0.0760417 0.130556
person 0.710 0.610677 0.0356481 0.0192708 0.0675926
person 0.710 0.471094 0.472685 0.0557292 0.202778
person 0.730 0.530729 0.0569444 0.0302083 0.113889
bicycle 0.741 0.48151 0.528704 0.0828125 0.153704
person 0.750 0.39974 0.289352 0.0401042 0.173148
person 0.760 0.958594 0.239352 0.0411458 0.152778
person 0.780 0.372396 0.953704 0.0770833 0.0925926
person 0.780 0.478646 0.138889 0.0291667 0.148148
person 0.800 0.863281 0.692593 0.0630208 0.238889
person 0.810 0.87526 0.184722 0.0348958 0.156481
person 0.830 0.442187 0.303704 0.0354167 0.17037
person 0.840 0.141667 0.876852 0.059375 0.238889
