person 0.260 0.0291667 0.332407 0.0354167 0.142593
potted plant 0.2758 0.341927 0.119444 0.0390625 0.0925926
person 0.280 0.126042 0.288426 0.034375 0.15463
car 0.302 0.368229 0.302778 0.107292 0.166667
horse 0.3017 0.834896 0.0490741 0.0427083 0.0944444
person 0.310 0.844271 0.0523148 0.025 0.0861111
person 0.320 0.571094 0.0740741 0.0255208 0.109259
bicycle 0.511 0.517187 0.732407 0.0385417 0.131481
suitcase 0.5428 0.681771 0.664352 0.0635417 0.160185
person 0.590 0.534115 0.0731481 0.0213542 0.0981481
person 0.610 0.321094 0.209722 0.0296875 0.119444
bicycle 0.621 0.289583 0.825463 0.090625 0.210185
person 0.620 0.851562 0.943056 0.0583333 0.113889
person 0.770 0.882812 0.0986111 0.0302083 0.134259
person 0.800 0.532292 0.184259 0.0302083 0.148148
person 0.810 0.92526 0.540741 0.0588542 0.235185
person 0.820 0.564062 0.188426 0.0322917 0.141667
person 0.830 0.270312 0.752778 0.071875 0.246296
person 0.860 0.541146 0.676852 0.0614583 0.207407
