person 0.290 0.990885 0.89213 0.0182292 0.187963
person 0.290 0.0734375 0.327315 0.0302083 0.125
person 0.320 0.632552 0.0384259 0.0234375 0.0768519
surfboard 0.3237 0.865104 0.889815 0.0239583 0.166667
person 0.340 0.0296875 0.331944 0.034375 0.141667
person 0.340 0.863281 0.0166667 0.0151042 0.0333333
car 0.382 0.367448 0.303704 0.106771 0.162963
person 0.390 0.127083 0.287037 0.03125 0.15
person 0.390 0.855208 0.0166667 0.0291667 0.0333333
potted plant 0.4158 0.342708 0.125926 0.04375 0.107407
bicycle 0.481 0.623177 0.520833 0.0286458 0.10463
suitcase 0.5428 0.682031 0.664815 0.0630208 0.157407
person 0.670 0.754948 0.972222 0.0411458 0.0555556
person 0.680 0.425521 0.124074 0.0322917 0.148148
person 0.710 0.451042 0.143981 0.021875 0.125
person 0.730 0.615625 0.106481 0.0270833 0.12963
person 0.740 0.646354 0.109259 0.0229167 0.127778
person 0.760 0.773698 0.0384259 0.0296875 0.0768519
person 0.820 0.888281 0.824074 0.0661458 0.281481
person 0.820 0.642187 0.471296 0.0510417 0.174074
person 0.860 0.147135 0.486574 0.0536458 0.200926
