person 0.260 0.638542 0.0953704 0.0458333 0.131481
person 0.290 0.428646 0.0851852 0.0208333 0.0814815
person 0.300 0.0734375 0.326389 0.0302083 0.125
person 0.340 0.85599 0.0148148 0.0265625 0.0296296
person 0.340 0.127083 0.287963 0.0322917 0.148148
person 0.350 0.0294271 0.331944 0.0338542 0.143519
person 0.360 0.990885 0.893981 0.0182292 0.191667
potted plant 0.4058 0.340625 0.127315 0.0416667 0.10463
car 0.412 0.367448 0.303241 0.107813 0.163889
suitcase 0.5928 0.682031 0.664352 0.0630208 0.158333
person 0.710 0.767187 0.0388889 0.0270833 0.0777778
person 0.720 0.650521 0.105556 0.0270833 0.124074
person 0.720 0.619792 0.102778 0.028125 0.127778
person 0.760 0.44349 0.154167 0.0296875 0.123148
person 0.810 0.764844 0.955093 0.0609375 0.0898148
person 0.820 0.64974 0.465278 0.0505208 0.178704
person 0.850 0.883333 0.858333 0.0666667 0.283333
person 0.880 0.157813 0.481019 0.0489583 0.208333
