person 0.280 0.196615 0.214815 0.0286458 0.138889
car 0.292 0.367708 0.303241 0.10625 0.162037
person 0.300 0.0739583 0.327778 0.0322917 0.125926
suitcase 0.3128 0.948177 0.469907 0.0463542 0.217593
person 0.320 0.0260417 0.331481 0.0427083 0.144444
person 0.340 0.124479 0.287963 0.0354167 0.157407
potted plant 0.4158 0.341406 0.125463 0.0432292 0.106481
person 0.480 0.54375 0.103704 0.0270833 0.131481
bicycle 0.481 0.821354 0.0740741 0.034375 0.0833333
suitcase 0.4928 0.681771 0.664815 0.0635417 0.159259
bicycle 0.661 0.363021 0.699537 0.0802083 0.187963
person 0.680 0.808073 0.0555556 0.0359375 0.111111
bicycle 0.701 0.459896 0.851389 0.0354167 0.136111
person 0.700 0.567448 0.0564815 0.0192708 0.107407
person 0.700 0.349219 0.644444 0.0671875 0.253704
person 0.740 0.877344 0.849537 0.0578125 0.237963
person 0.800 0.521615 0.227778 0.0265625 0.15
person 0.810 0.488021 0.218981 0.0333333 0.156481
person 0.820 0.878906 0.124074 0.0317708 0.140741
person 0.870 0.486458 0.789815 0.0677083 0.22963
