backpack 0.2924 0.255208 0.216204 0.0166667 0.0472222
person 0.360 0.70599 0.0115741 0.0109375 0.0231481
person 0.360 0.0736979 0.328241 0.0328125 0.126852
person 0.370 0.196094 0.216667 0.0286458 0.146296
suitcase 0.3728 0.68151 0.665278 0.0630208 0.158333
person 0.370 0.0268229 0.331019 0.0401042 0.14537
car 0.392 0.367969 0.303241 0.106771 0.162037
potted plant 0.3958 0.34349 0.126389 0.0432292 0.102778
person 0.390 0.12526 0.2875 0.0338542 0.156481
person 0.480 0.804688 0.0606481 0.0416667 0.121296
bicycle 0.511 0.810417 0.0861111 0.0375 0.087037
person 0.550 0.534896 0.1125 0.0270833 0.134259
person 0.550 0.893229 0.759259 0.05 0.12037
person 0.560 0.0135417 0.468981 0.0270833 0.178704
bicycle 0.621 0.445573 0.889352 0.0432292 0.14537
person 0.690 0.888281 0.855093 0.0515625 0.167593
bicycle 0.691 0.383333 0.664815 0.0833333 0.185185
person 0.700 0.370573 0.604167 0.0640625 0.225
person 0.710 0.578385 0.0527778 0.0223958 0.105556
person 0.770 0.475521 0.225926 0.0333333 0.159259
person 0.780 0.265365 0.238426 0.0421875 0.162037
person 0.810 0.876042 0.132407 0.0333333 0.140741
person 0.820 0.509115 0.236111 0.0307292 0.151852
person 0.830 0.471354 0.831019 0.0697917 0.24537
