bicycle 0.281 0.694531 0.381481 0.0411458 0.105556
person 0.290 0.0713542 0.325463 0.0291667 0.125
potted plant 0.2958 0.342969 0.11713 0.0380208 0.0916667
person 0.300 0.6875 0.0564815 0.0479167 0.109259
backpack 0.3624 0.735937 0.0532407 0.0270833 0.0916667
suitcase 0.3828 0.367448 0.302315 0.107813 0.163889
suitcase 0.3828 0.681771 0.665278 0.0625 0.158333
person 0.470 0.620573 0.0236111 0.0192708 0.0453704
bicycle 0.481 0.684375 0.387963 0.0197917 0.087037
person 0.500 0.0294271 0.332407 0.0338542 0.144444
person 0.590 0.466927 0.963426 0.0505208 0.0731481
person 0.610 0.736458 0.0587963 0.0270833 0.106481
person 0.690 0.672396 0.0564815 0.0302083 0.112963
person 0.690 0.503125 0.0717593 0.028125 0.117593
person 0.720 0.701042 0.0578704 0.021875 0.113889
person 0.750 0.338802 0.215741 0.0255208 0.133333
person 0.780 0.12474 0.3875 0.0453125 0.176852
person 0.790 0.701042 0.351389 0.0458333 0.160185
person 0.830 0.25026 0.361111 0.0411458 0.177778
person 0.880 0.818229 0.817593 0.0572917 0.268519
