person 0.260 0.00546875 0.350926 0.0109375 0.105556
person 0.270 0.990885 0.894907 0.0182292 0.191667
bench 0.2813 0.367448 0.303704 0.107813 0.168519
person 0.300 0.126563 0.286574 0.028125 0.141667
person 0.410 0.626302 0.0175926 0.0140625 0.0351852
suitcase 0.4328 0.68151 0.664815 0.0630208 0.159259
person 0.470 0.0302083 0.33287 0.0322917 0.141667
bicycle 0.581 0.673698 0.418981 0.0203125 0.0898148
person 0.670 0.744531 0.0513889 0.0276042 0.102778
person 0.760 0.83724 0.966667 0.0588542 0.0666667
person 0.770 0.655729 0.0638889 0.0260417 0.116667
person 0.770 0.686979 0.0689815 0.025 0.123148
person 0.800 0.373698 0.192593 0.0286458 0.116667
person 0.810 0.688542 0.378241 0.0458333 0.15463
person 0.840 0.0809896 0.409722 0.0380208 0.187963
person 0.860 0.229948 0.396296 0.0463542 0.192593
person 0.880 0.794792 0.868519 0.0614583 0.259259
