suitcase 0.2628 0.367448 0.304167 0.107813 0.162037
person 0.270 0.0252604 0.333796 0.0380208 0.149074
bicycle 0.281 0.679167 0.400463 0.0447917 0.162037
person 0.330 0.127083 0.287963 0.03125 0.148148
person 0.360 0.629687 0.0162037 0.0135417 0.0324074
potted plant 0.3958 0.342708 0.123148 0.0385417 0.101852
person 0.400 0.0726563 0.328704 0.0317708 0.124074
suitcase 0.4628 0.682031 0.664352 0.0630208 0.160185
bicycle 0.531 0.667448 0.433333 0.0234375 0.0981481
person 0.610 0.474479 0.0912037 0.028125 0.113889
person 0.640 0.746615 0.05 0.0265625 0.1
person 0.750 0.3875 0.183333 0.0239583 0.111111
person 0.750 0.0617188 0.416204 0.0588542 0.219444
person 0.760 0.680469 0.0777778 0.0203125 0.127778
person 0.770 0.649219 0.075463 0.0307292 0.128704
person 0.800 0.845312 0.937963 0.0697917 0.124074
person 0.800 0.680469 0.393056 0.0494792 0.167593
person 0.870 0.215625 0.406481 0.0458333 0.190741
person 0.880 0.788542 0.884259 0.0614583 0.231481
