person 0.260 0.853125 0.0435185 0.01875 0.0759259
person 0.280 0.545833 0.676389 0.0510417 0.143519
person 0.280 0.0294271 0.331944 0.0348958 0.143519
person 0.300 0.126042 0.287963 0.034375 0.153704
suitcase 0.3428 0.890104 0.62037 0.0260417 0.12963
person 0.360 0.860156 0.976852 0.0276042 0.0462963
suitcase 0.4028 0.68151 0.664352 0.0630208 0.160185
person 0.450 0.582812 0.0606481 0.0291667 0.106481
suitcase 0.4628 0.366927 0.303704 0.108854 0.162963
person 0.560 0.836458 0.0435185 0.028125 0.0814815
bicycle 0.561 0.238281 0.892593 0.0765625 0.207407
bicycle 0.591 0.5375 0.691204 0.0364583 0.125
person 0.640 0.342969 0.19213 0.0380208 0.121296
person 0.740 0.23151 0.824074 0.0755208 0.283333
person 0.750 0.520833 0.0893519 0.0229167 0.113889
person 0.770 0.546875 0.166667 0.0333333 0.146296
person 0.780 0.580729 0.175463 0.025 0.141667
person 0.800 0.885417 0.0861111 0.0291667 0.131481
person 0.830 0.913802 0.578241 0.0619792 0.241667
person 0.860 0.56276 0.643981 0.0598958 0.202778
