bicycle 0.291 0.738281 0.0833333 0.0244792 0.0648148
motorcycle 0.313 0.738542 0.0810185 0.025 0.0712963
person 0.330 0.0736979 0.326852 0.0307292 0.122222
bicycle 0.331 0.795833 0.126852 0.0239583 0.0814815
person 0.350 0.941667 0.625 0.0385417 0.125926
handbag 0.3626 0.879687 0.747685 0.0333333 0.0583333
person 0.380 0.697656 0.0185185 0.0140625 0.037037
bicycle 0.401 0.785156 0.0949074 0.0411458 0.141667
potted plant 0.4158 0.34349 0.125926 0.0421875 0.105556
person 0.420 0.0291667 0.331944 0.0354167 0.143519
suitcase 0.4328 0.681771 0.665278 0.0625 0.158333
person 0.490 0.739583 0.050463 0.0270833 0.100926
person 0.620 0.134635 0.336111 0.0401042 0.255556
person 0.630 0.188802 0.293056 0.0369792 0.176852
bicycle 0.641 0.475 0.547222 0.0729167 0.157407
person 0.650 0.961979 0.235185 0.040625 0.155556
person 0.730 0.784115 0.0916667 0.0390625 0.142593
person 0.730 0.536458 0.0555556 0.028125 0.111111
person 0.740 0.60651 0.0375 0.0213542 0.075
person 0.750 0.867188 0.72037 0.065625 0.237037
person 0.750 0.485156 0.136111 0.0328125 0.15
person 0.800 0.457812 0.489815 0.0541667 0.201852
person 0.810 0.451562 0.291204 0.0291667 0.163889
person 0.830 0.874219 0.175 0.0348958 0.153704
person 0.850 0.408854 0.281944 0.0364583 0.171296
person 0.850 0.386458 0.940278 0.0760417 0.117593
person 0.850 0.120052 0.892593 0.0526042 0.207407
