person 0.260 0.125781 0.272685 0.0286458 0.119444
potted plant 0.2958 0.341146 0.11713 0.040625 0.0916667
person 0.300 0.691406 0.0564815 0.0505208 0.112963
person 0.320 0.071875 0.325926 0.0302083 0.125926
backpack 0.3424 0.734375 0.0569444 0.0270833 0.0990741
suitcase 0.4728 0.367708 0.303241 0.107292 0.163889
bicycle 0.501 0.688802 0.381019 0.0234375 0.0935185
person 0.500 0.620052 0.0226852 0.0182292 0.0453704
person 0.520 0.0268229 0.331481 0.0421875 0.144444
suitcase 0.5528 0.681771 0.665278 0.0625 0.158333
person 0.610 0.674479 0.0532407 0.0270833 0.106481
person 0.680 0.734115 0.0611111 0.0276042 0.111111
person 0.700 0.505729 0.0680556 0.0260417 0.117593
person 0.740 0.704687 0.0574074 0.0239583 0.109259
person 0.770 0.136198 0.381481 0.0505208 0.181481
person 0.790 0.703906 0.347685 0.0453125 0.158333
person 0.790 0.332552 0.213889 0.0255208 0.127778
person 0.790 0.0195312 0.646759 0.0390625 0.219444
person 0.840 0.488021 0.944907 0.0729167 0.110185
person 0.870 0.254427 0.353241 0.0432292 0.184259
person 0.870 0.821354 0.793981 0.05625 0.249074
