person 0.260 0.0260417 0.331944 0.0416667 0.143519
person 0.260 0.857031 0.0310185 0.0223958 0.0601852
person 0.270 0.197396 0.214815 0.0302083 0.140741
person 0.280 0.830208 0.0375 0.0333333 0.0638889
potted plant 0.3258 0.339844 0.125 0.0401042 0.107407
person 0.340 0.0736979 0.327315 0.0307292 0.123148
person 0.370 0.126042 0.288889 0.034375 0.153704
car 0.382 0.36875 0.302315 0.109375 0.167593
motorcycle 0.383 0.588802 0.600926 0.0359375 0.122222
person 0.400 0.847656 0.0361111 0.0223958 0.062963
person 0.570 0.605469 0.0523148 0.0255208 0.10463
suitcase 0.5828 0.681771 0.665278 0.0635417 0.158333
person 0.660 0.807031 0.0314815 0.0255208 0.0592593
person 0.710 0.896615 0.0615741 0.0296875 0.123148
person 0.750 0.384375 0.149074 0.028125 0.137037
person 0.770 0.585417 0.133333 0.0302083 0.133333
person 0.780 0.490885 0.117593 0.0244792 0.116667
person 0.800 0.616927 0.143519 0.0244792 0.135185
person 0.810 0.89375 0.696296 0.0666667 0.259259
person 0.810 0.604948 0.550926 0.0557292 0.187037
person 0.820 0.111458 0.924074 0.090625 0.151852
person 0.880 0.0692708 0.572685 0.071875 0.225
