person 0.310 0.196094 0.2125 0.0276042 0.141667
person 0.350 0.125781 0.288426 0.0328125 0.15463
person 0.380 0.704167 0.012963 0.0125 0.0259259
person 0.400 0.0723958 0.325 0.0333333 0.122222
potted plant 0.4058 0.34401 0.125926 0.0421875 0.103704
person 0.450 0.0299479 0.33287 0.0338542 0.14537
bicycle 0.481 0.407552 0.95 0.0421875 0.0981481
person 0.520 0.0190104 0.962037 0.0380208 0.0740741
suitcase 0.6428 0.681771 0.664815 0.0635417 0.159259
person 0.690 0.918229 0.703241 0.0333333 0.136111
person 0.720 0.55026 0.0476852 0.0276042 0.0953704
person 0.740 0.511719 0.116204 0.0286458 0.147222
person 0.760 0.792708 0.0685185 0.0427083 0.137037
person 0.760 0.0669271 0.42963 0.0380208 0.183333
bicycle 0.771 0.426042 0.612037 0.0802083 0.162963
person 0.770 0.592448 0.0458333 0.0234375 0.0898148
person 0.770 0.410937 0.548611 0.0604167 0.20463
person 0.810 0.23151 0.263889 0.0338542 0.166667
person 0.830 0.445312 0.255093 0.0385417 0.160185
person 0.840 0.875521 0.150926 0.0333333 0.142593
person 0.850 0.883594 0.802778 0.0609375 0.218519
person 0.850 0.434635 0.887963 0.0734375 0.218519
person 0.860 0.485156 0.259722 0.0276042 0.165741
