person 0.260 0.0299479 0.33287 0.0328125 0.141667
person 0.260 0.197135 0.214352 0.0296875 0.139815
potted plant 0.2758 0.339844 0.125463 0.0401042 0.106481
car 0.322 0.367188 0.305093 0.108333 0.160185
person 0.330 0.60651 0.131481 0.0526042 0.133333
person 0.330 0.0734375 0.327315 0.0302083 0.123148
person 0.370 0.861719 0.0240741 0.0161458 0.0462963
person 0.370 0.126042 0.288426 0.0333333 0.152778
person 0.400 0.61224 0.0555556 0.0255208 0.111111
person 0.450 0.850781 0.0277778 0.0296875 0.0537037
bicycle 0.561 0.597135 0.578241 0.0359375 0.117593
suitcase 0.5728 0.681771 0.665278 0.0635417 0.158333
person 0.610 0.392969 0.143981 0.0296875 0.139815
person 0.690 0.801562 0.0337963 0.0260417 0.0675926
person 0.700 0.898438 0.0587963 0.0291667 0.117593
person 0.770 0.623698 0.136574 0.0234375 0.132407
person 0.800 0.591667 0.129167 0.028125 0.130556
person 0.800 0.0747396 0.95 0.0848958 0.1
person 0.810 0.483333 0.123148 0.025 0.118519
person 0.820 0.611198 0.531944 0.0557292 0.180556
person 0.830 0.889323 0.717593 0.0692708 0.274074
person 0.870 0.0822917 0.547685 0.0552083 0.212037
