person 0.260 0.126042 0.288426 0.034375 0.152778
bicycle 0.271 0.834115 0.049537 0.0296875 0.0805556
person 0.280 0.528906 0.708333 0.0421875 0.15
person 0.310 0.0294271 0.331944 0.0348958 0.143519
suitcase 0.3528 0.366927 0.302778 0.107813 0.162963
bicycle 0.371 0.845573 0.0509259 0.0276042 0.0759259
suitcase 0.4128 0.68151 0.664815 0.0630208 0.159259
bicycle 0.461 0.525521 0.716667 0.0364583 0.12037
bicycle 0.521 0.271094 0.852315 0.0921875 0.215741
person 0.550 0.578385 0.0796296 0.0317708 0.122222
person 0.570 0.835677 0.0439815 0.0348958 0.087963
person 0.620 0.527604 0.0851852 0.0229167 0.111111
person 0.640 0.329688 0.196759 0.0270833 0.115741
person 0.740 0.855469 0.95787 0.0463542 0.0842593
person 0.740 0.253906 0.788889 0.0786458 0.264815
person 0.770 0.572917 0.18287 0.0260417 0.141667
person 0.820 0.550521 0.671296 0.0614583 0.222222
person 0.840 0.883333 0.0907407 0.0291667 0.135185
person 0.840 0.539062 0.178241 0.03125 0.141667
person 0.850 0.917969 0.567593 0.0609375 0.246296
