person 0.300 0.126823 0.288426 0.0348958 0.15463
person 0.340 0.0270833 0.331944 0.0416667 0.14537
person 0.390 0.855469 0.0402778 0.0161458 0.0768519
person 0.390 0.584896 0.0587963 0.0270833 0.0990741
suitcase 0.4428 0.681771 0.664352 0.0635417 0.160185
person 0.480 0.345833 0.189352 0.03125 0.123148
person 0.500 0.835938 0.0407407 0.0270833 0.0759259
suitcase 0.5128 0.366406 0.303704 0.108854 0.162963
bicycle 0.641 0.238021 0.900463 0.101042 0.197222
bicycle 0.681 0.544792 0.676852 0.0322917 0.122222
person 0.760 0.585938 0.168519 0.0270833 0.144444
person 0.770 0.517969 0.0944444 0.0265625 0.118519
person 0.790 0.553125 0.164352 0.0322917 0.141667
person 0.790 0.88724 0.0847222 0.0296875 0.132407
person 0.830 0.211719 0.845833 0.0765625 0.273148
person 0.850 0.909635 0.597222 0.0630208 0.242593
person 0.860 0.567708 0.628704 0.0625 0.2
