car 0.282 0.367448 0.30463 0.107813 0.161111
person 0.280 0.0731771 0.328241 0.0317708 0.126852
person 0.280 0.859635 0.0106481 0.0255208 0.0212963
person 0.290 0.03125 0.330093 0.0302083 0.136111
person 0.320 0.127344 0.287963 0.0276042 0.144444
person 0.330 0.990885 0.896296 0.0182292 0.194444
potted plant 0.4058 0.340365 0.126852 0.0411458 0.105556
person 0.460 0.452344 0.103241 0.0223958 0.123148
bicycle 0.511 0.651563 0.466667 0.028125 0.0981481
suitcase 0.5228 0.682031 0.664352 0.0630208 0.160185
person 0.700 0.4125 0.156019 0.0208333 0.10463
person 0.730 0.634635 0.0819444 0.0265625 0.121296
person 0.750 0.755208 0.0449074 0.028125 0.0898148
person 0.780 0.0203125 0.461111 0.0385417 0.175926
person 0.780 0.666667 0.421296 0.05 0.157407
person 0.810 0.665365 0.0893519 0.0234375 0.126852
person 0.850 0.875 0.897222 0.0760417 0.203704
person 0.870 0.770833 0.91713 0.0645833 0.165741
person 0.880 0.191667 0.447222 0.05 0.2
