person 0.280 0.0242187 0.972222 0.0328125 0.0555556
motorcycle 0.293 0.604427 0.558796 0.0296875 0.113889
person 0.340 0.0734375 0.327315 0.0302083 0.125
person 0.350 0.621094 0.0416667 0.0286458 0.0833333
potted plant 0.3658 0.342187 0.125 0.040625 0.107407
person 0.370 0.127344 0.287037 0.0317708 0.15
bicycle 0.381 0.603385 0.556019 0.0286458 0.117593
person 0.380 0.0294271 0.332407 0.0338542 0.142593
suitcase 0.4028 0.682031 0.665278 0.0630208 0.158333
car 0.462 0.367188 0.30463 0.107292 0.161111
person 0.470 0.853646 0.0222222 0.028125 0.0444444
person 0.610 0.901823 0.0578704 0.0296875 0.115741
person 0.680 0.793229 0.0337963 0.0270833 0.0675926
person 0.690 0.404427 0.131481 0.0276042 0.138889
surfboard 0.7037 0.863802 0.818056 0.0296875 0.160185
person 0.760 0.623438 0.512963 0.053125 0.17963
person 0.790 0.629948 0.124537 0.0255208 0.128704
person 0.790 0.601302 0.118056 0.0307292 0.136111
person 0.800 0.47474 0.135185 0.0276042 0.125926
person 0.830 0.891146 0.767593 0.0677083 0.287037
person 0.880 0.104948 0.537037 0.0546875 0.22037
