person 0.260 0.0739583 0.327778 0.03125 0.124074
person 0.340 0.126302 0.288426 0.0348958 0.15463
person 0.380 0.0294271 0.331944 0.0348958 0.14537
person 0.430 0.585938 0.0550926 0.0270833 0.0972222
person 0.440 0.854167 0.0407407 0.0229167 0.0777778
person 0.480 0.836719 0.0407407 0.0276042 0.0740741
suitcase 0.4828 0.681771 0.664352 0.0635417 0.160185
suitcase 0.5028 0.366667 0.304167 0.108333 0.162037
person 0.530 0.349479 0.178704 0.0322917 0.137037
bicycle 0.601 0.235417 0.90463 0.096875 0.190741
bicycle 0.641 0.546615 0.675 0.0328125 0.122222
person 0.740 0.5875 0.167593 0.0291667 0.148148
person 0.740 0.517187 0.0944444 0.0260417 0.114815
person 0.790 0.886979 0.0837963 0.03125 0.132407
person 0.790 0.554167 0.163889 0.0322917 0.146296
person 0.830 0.209115 0.85 0.0765625 0.274074
person 0.830 0.569792 0.626852 0.0625 0.196296
person 0.840 0.907552 0.603241 0.0598958 0.243519
