person 0.250 0.0729167 0.328704 0.03125 0.12963
person 0.260 0.990885 0.894907 0.0182292 0.191667
person 0.310 0.127604 0.287963 0.03125 0.15
person 0.360 0.823177 0.908333 0.153646 0.181481
potted plant 0.3758 0.342448 0.125463 0.0401042 0.106481
person 0.410 0.658594 0.0819444 0.0463542 0.126852
bicycle 0.471 0.657812 0.451852 0.028125 0.105556
suitcase 0.4928 0.367188 0.30463 0.107292 0.159259
person 0.590 0.46224 0.0962963 0.0276042 0.12963
suitcase 0.6128 0.682031 0.663426 0.0630208 0.160185
person 0.650 0.672917 0.413426 0.05 0.165741
person 0.710 0.40625 0.168981 0.0302083 0.106481
person 0.720 0.751042 0.0453704 0.028125 0.0907407
person 0.770 0.640625 0.0782407 0.028125 0.123148
person 0.810 0.671875 0.0837963 0.025 0.123148
person 0.850 0.866667 0.9125 0.0770833 0.175
person 0.860 0.0320312 0.444907 0.0473958 0.19537
person 0.870 0.202344 0.428241 0.0463542 0.20463
person 0.880 0.779427 0.902315 0.0619792 0.193519
