car 0.252 0.36849 0.302778 0.107813 0.168519
person 0.280 0.0736979 0.327315 0.0317708 0.125
suitcase 0.2828 0.367188 0.302315 0.108333 0.163889
handbag 0.3026 0.919531 0.538889 0.0244792 0.12963
person 0.310 0.0289063 0.331944 0.0359375 0.143519
motorcycle 0.323 0.495313 0.784722 0.0510417 0.136111
person 0.350 0.125781 0.2875 0.0338542 0.15463
suitcase 0.3628 0.681771 0.664815 0.0635417 0.159259
person 0.410 0.57526 0.0393519 0.0234375 0.0787037
potted plant 0.4258 0.341406 0.125463 0.0442708 0.108333
bicycle 0.451 0.494531 0.786111 0.0463542 0.135185
person 0.480 0.301302 0.223148 0.0401042 0.127778
person 0.480 0.558073 0.0819444 0.0390625 0.150926
bicycle 0.511 0.835938 0.0643518 0.0291667 0.0805556
person 0.550 0.821094 0.0541667 0.0348958 0.108333
bicycle 0.591 0.326823 0.764815 0.0817708 0.198148
person 0.710 0.878906 0.109722 0.0307292 0.136111
person 0.720 0.864844 0.90787 0.0682292 0.184259
person 0.750 0.306771 0.694444 0.0697917 0.237037
person 0.800 0.941406 0.504167 0.0526042 0.225
person 0.810 0.516667 0.723148 0.0625 0.209259
person 0.810 0.546094 0.205556 0.0255208 0.144444
person 0.850 0.514323 0.199537 0.0296875 0.149074
