person 0.260 0.0736979 0.327778 0.0307292 0.125926
person 0.310 0.127604 0.2875 0.03125 0.149074
person 0.310 0.990885 0.896296 0.0182292 0.194444
suitcase 0.3828 0.367188 0.30463 0.107292 0.159259
potted plant 0.3858 0.342187 0.125463 0.040625 0.106481
suitcase 0.4628 0.682031 0.664352 0.0630208 0.160185
bicycle 0.601 0.657292 0.452315 0.028125 0.110185
person 0.660 0.460938 0.0990741 0.025 0.125926
person 0.700 0.671615 0.415278 0.0505208 0.165741
person 0.710 0.407552 0.165741 0.0296875 0.103704
person 0.720 0.751562 0.0458333 0.028125 0.0916667
person 0.740 0.639583 0.0819444 0.028125 0.121296
person 0.810 0.670833 0.0856481 0.0239583 0.121296
person 0.860 0.0304688 0.448148 0.0494792 0.194444
person 0.860 0.200521 0.428704 0.0458333 0.201852
person 0.860 0.86875 0.909722 0.0770833 0.180556
person 0.880 0.778646 0.905556 0.0625 0.187037
