bicycle 0.271 0.796875 0.121296 0.021875 0.0814815
handbag 0.2826 0.880729 0.751852 0.034375 0.0666667
person 0.300 0.0736979 0.326389 0.0307292 0.121296
person 0.410 0.0294271 0.331944 0.0348958 0.143519
potted plant 0.4158 0.343229 0.125463 0.0427083 0.106481
person 0.410 0.698698 0.0185185 0.0140625 0.037037
suitcase 0.4728 0.68151 0.664815 0.0630208 0.159259
person 0.490 0.939583 0.62963 0.0364583 0.12037
person 0.570 0.132292 0.347685 0.0364583 0.24537
person 0.580 0.966146 0.234259 0.0322917 0.151852
person 0.660 0.74349 0.050463 0.0276042 0.100926
person 0.670 0.193229 0.293056 0.0375 0.171296
bicycle 0.691 0.471875 0.55 0.071875 0.161111
person 0.700 0.784896 0.0902778 0.0416667 0.143519
person 0.720 0.453646 0.495833 0.05625 0.213889
person 0.740 0.5375 0.0541667 0.0270833 0.108333
person 0.770 0.605208 0.037963 0.0208333 0.0759259
person 0.780 0.392969 0.935648 0.0755208 0.128704
person 0.800 0.86875 0.726852 0.0645833 0.233333
person 0.820 0.4875 0.135185 0.0322917 0.144444
person 0.820 0.11224 0.896759 0.0505208 0.200926
person 0.820 0.87474 0.173148 0.0348958 0.153704
person 0.830 0.410937 0.274537 0.0354167 0.165741
person 0.840 0.454427 0.291667 0.0296875 0.17037
