person 0.260 0.630729 0.0143519 0.0125 0.0287037
bicycle 0.261 0.675781 0.411574 0.0463542 0.167593
suitcase 0.2728 0.367448 0.304167 0.107813 0.162037
person 0.290 0.0734375 0.326389 0.0302083 0.126852
potted plant 0.4058 0.342708 0.124074 0.0395833 0.103704
suitcase 0.4828 0.682031 0.663889 0.0630208 0.159259
bicycle 0.541 0.667188 0.442593 0.0322917 0.101852
person 0.610 0.469792 0.0875 0.028125 0.134259
person 0.650 0.747656 0.0490741 0.0276042 0.0981481
person 0.750 0.677083 0.399537 0.0489583 0.162037
person 0.760 0.678385 0.0763889 0.0223958 0.126852
person 0.780 0.648177 0.075463 0.0307292 0.128704
person 0.780 0.0502604 0.429167 0.0473958 0.191667
person 0.800 0.391927 0.175926 0.0223958 0.112963
person 0.830 0.850521 0.934259 0.0666667 0.131481
person 0.880 0.78724 0.889352 0.0609375 0.215741
person 0.880 0.211198 0.42037 0.0453125 0.2
