person 0.260 0.579948 0.0680556 0.0296875 0.110185
person 0.270 0.126042 0.288426 0.034375 0.152778
person 0.290 0.0296875 0.331944 0.034375 0.143519
suitcase 0.3228 0.366667 0.303704 0.108333 0.162963
suitcase 0.3528 0.68151 0.664815 0.0630208 0.159259
bicycle 0.371 0.851042 0.0458333 0.0208333 0.0805556
person 0.540 0.836719 0.0449074 0.0317708 0.0842593
bicycle 0.561 0.532812 0.70463 0.0385417 0.122222
person 0.640 0.522656 0.0916667 0.0223958 0.111111
person 0.650 0.855208 0.969444 0.0416667 0.0611111
bicycle 0.741 0.261979 0.870833 0.0979167 0.223148
person 0.760 0.242448 0.777778 0.0765625 0.214815
person 0.780 0.544271 0.171296 0.03125 0.140741
person 0.790 0.577344 0.181019 0.0244792 0.139815
person 0.830 0.914583 0.576389 0.0614583 0.241667
person 0.830 0.884375 0.087037 0.028125 0.135185
person 0.870 0.55599 0.651389 0.0609375 0.206481
