motorcycle 0.263 0.682552 0.410185 0.0359375 0.107407
person 0.260 0.00546875 0.350926 0.0109375 0.105556
bench 0.2813 0.367708 0.302778 0.108333 0.17037
person 0.340 0.126563 0.286574 0.028125 0.141667
person 0.440 0.625521 0.0185185 0.0145833 0.037037
suitcase 0.4528 0.681771 0.664815 0.0625 0.159259
bicycle 0.461 0.683073 0.412037 0.0359375 0.101852
person 0.500 0.0304688 0.333333 0.0328125 0.142593
person 0.560 0.485677 0.0907407 0.0223958 0.101852
person 0.700 0.831771 0.969907 0.053125 0.0601852
person 0.710 0.74401 0.0523148 0.0286458 0.10463
person 0.760 0.657552 0.0638889 0.0265625 0.116667
person 0.790 0.689323 0.0657407 0.0244792 0.124074
person 0.790 0.370052 0.194907 0.0296875 0.115741
person 0.800 0.688281 0.372685 0.0473958 0.15463
person 0.830 0.0833333 0.403704 0.040625 0.194444
person 0.880 0.797917 0.864352 0.0604167 0.258333
person 0.880 0.233333 0.392593 0.04375 0.192593
