person 0.270 0.125781 0.288426 0.0348958 0.152778
person 0.290 0.0294271 0.331944 0.0348958 0.143519
fire hydrant 0.3610 0.334896 0.19537 0.028125 0.111111
suitcase 0.3728 0.366927 0.303704 0.107813 0.162963
bicycle 0.411 0.842969 0.05 0.0338542 0.0759259
suitcase 0.4628 0.68151 0.664815 0.0630208 0.159259
person 0.520 0.523958 0.0907407 0.021875 0.109259
person 0.530 0.838281 0.0449074 0.0348958 0.0842593
bicycle 0.561 0.53125 0.711111 0.0395833 0.109259
bicycle 0.621 0.263021 0.871759 0.08125 0.212037
person 0.690 0.854688 0.966204 0.0427083 0.0675926
person 0.700 0.246354 0.788426 0.078125 0.243519
person 0.770 0.542708 0.172222 0.0302083 0.138889
person 0.780 0.576563 0.18287 0.0239583 0.139815
person 0.830 0.884375 0.087037 0.028125 0.135185
person 0.840 0.915104 0.575 0.0614583 0.242593
person 0.870 0.554427 0.652778 0.0598958 0.207407
