person 0.250 0.708333 0.00740741 0.0104167 0.0148148
person 0.300 0.0736979 0.327315 0.0317708 0.125
person 0.320 0.565365 0.0486111 0.0223958 0.0916667
person 0.320 0.0289063 0.332407 0.0359375 0.144444
person 0.360 0.12474 0.287963 0.0348958 0.155556
car 0.372 0.367708 0.302778 0.107292 0.162963
person 0.380 0.55 0.0962963 0.0322917 0.142593
potted plant 0.4358 0.341406 0.125463 0.0432292 0.106481
suitcase 0.4428 0.681771 0.664815 0.0635417 0.159259
bicycle 0.441 0.825 0.0722222 0.0333333 0.0851852
suitcase 0.5028 0.946615 0.477778 0.0494792 0.214815
person 0.580 0.284375 0.234722 0.0333333 0.136111
bicycle 0.661 0.46901 0.828704 0.0369792 0.138889
person 0.670 0.809115 0.0560185 0.0380208 0.112037
bicycle 0.691 0.354948 0.716667 0.0796875 0.190741
person 0.690 0.33724 0.647222 0.0661458 0.225926
person 0.780 0.496875 0.776389 0.0666667 0.232407
person 0.800 0.527344 0.21713 0.0296875 0.150926
person 0.800 0.879427 0.119907 0.0317708 0.141667
person 0.810 0.496615 0.209722 0.0317708 0.15463
person 0.820 0.875781 0.881944 0.0692708 0.236111
