person 0.330 0.196094 0.21713 0.0276042 0.14537
person 0.330 0.00963542 0.440278 0.0192708 0.237963
skateboard 0.3336 0.0117188 0.543981 0.0223958 0.0453704
suitcase 0.3428 0.68151 0.665278 0.0630208 0.158333
person 0.350 0.0734375 0.327778 0.0322917 0.127778
car 0.362 0.367969 0.303241 0.106771 0.162037
bicycle 0.371 0.805729 0.0657407 0.0416667 0.12037
person 0.380 0.12526 0.287963 0.0338542 0.155556
potted plant 0.3858 0.34349 0.125926 0.0432292 0.103704
person 0.390 0.0296875 0.331944 0.0333333 0.14537
person 0.490 0.804688 0.0587963 0.0395833 0.117593
bicycle 0.501 0.815625 0.0837963 0.0322917 0.0861111
person 0.600 0.57526 0.0537037 0.0223958 0.105556
person 0.620 0.536979 0.1125 0.0270833 0.128704
person 0.650 0.888802 0.829167 0.0557292 0.237963
bicycle 0.661 0.447656 0.880093 0.0411458 0.137963
bicycle 0.681 0.379948 0.672685 0.0786458 0.184259
person 0.740 0.366667 0.606481 0.0645833 0.22037
person 0.770 0.513542 0.23287 0.0270833 0.150926
person 0.780 0.479427 0.225 0.0348958 0.162963
person 0.830 0.267708 0.236574 0.040625 0.160185
person 0.840 0.876042 0.131019 0.0333333 0.137963
person 0.850 0.474219 0.826389 0.0682292 0.25463
