person 0.290 0.70599 0.0111111 0.0109375 0.0222222
person 0.320 0.0739583 0.327315 0.03125 0.125
person 0.320 0.0296875 0.330556 0.0333333 0.142593
suitcase 0.3528 0.68151 0.664815 0.0630208 0.159259
person 0.370 0.196615 0.215741 0.0286458 0.142593
potted plant 0.3758 0.343229 0.126852 0.0427083 0.103704
person 0.380 0.125 0.2875 0.034375 0.158333
car 0.422 0.367969 0.303704 0.106771 0.161111
person 0.420 0.800781 0.062963 0.0369792 0.125926
person 0.440 0.560677 0.0439815 0.0255208 0.087963
bicycle 0.451 0.808333 0.0865741 0.0333333 0.0861111
person 0.580 0.53099 0.112037 0.0265625 0.131481
person 0.640 0.0265625 0.448148 0.0520833 0.205556
person 0.660 0.897396 0.743519 0.0489583 0.112963
bicycle 0.671 0.439844 0.904167 0.0463542 0.149074
person 0.680 0.378385 0.593518 0.0682292 0.216667
person 0.690 0.58099 0.0509259 0.0213542 0.101852
person 0.690 0.886458 0.844907 0.0552083 0.176852
bicycle 0.691 0.391927 0.656482 0.0786458 0.177778
person 0.780 0.258333 0.241667 0.0364583 0.155556
person 0.790 0.875781 0.132407 0.0328125 0.140741
person 0.790 0.469531 0.232407 0.0359375 0.159259
person 0.810 0.505729 0.240278 0.034375 0.152778
person 0.840 0.463542 0.8375 0.0708333 0.234259
