suitcase 0.2628 0.880729 0.662963 0.021875 0.140741
person 0.290 0.0736979 0.327778 0.0307292 0.124074
person 0.330 0.126302 0.288889 0.0348958 0.155556
person 0.370 0.845833 0.0416667 0.03125 0.0703704
person 0.380 0.0294271 0.332407 0.0348958 0.144444
person 0.430 0.831771 0.0319444 0.0239583 0.0638889
person 0.500 0.58776 0.0615741 0.0265625 0.113889
suitcase 0.5128 0.366667 0.304167 0.107292 0.163889
person 0.550 0.856771 0.0402778 0.015625 0.0731481
bicycle 0.581 0.553125 0.663889 0.034375 0.118519
suitcase 0.6028 0.681771 0.664352 0.0635417 0.160185
person 0.610 0.0164062 0.64537 0.0317708 0.172222
bicycle 0.651 0.223958 0.911574 0.102083 0.167593
person 0.710 0.197396 0.858796 0.0760417 0.267593
person 0.750 0.513542 0.0990741 0.025 0.114815
person 0.760 0.888802 0.0773148 0.0296875 0.130556
person 0.800 0.592188 0.166667 0.0291667 0.142593
person 0.810 0.904427 0.60787 0.0609375 0.236111
person 0.830 0.57526 0.611574 0.0588542 0.200926
person 0.850 0.558333 0.15787 0.0302083 0.143519
