person 0.270 0.990885 0.89537 0.0182292 0.190741
person 0.270 0.0734375 0.327778 0.0302083 0.125926
bench 0.2813 0.367969 0.30463 0.106771 0.164815
handbag 0.3026 0.759896 0.905093 0.0166667 0.0490741
person 0.310 0.127083 0.287963 0.03125 0.15
potted plant 0.3658 0.342448 0.125 0.0401042 0.105556
bicycle 0.401 0.660156 0.447685 0.0276042 0.102778
person 0.500 0.463281 0.0990741 0.0213542 0.116667
suitcase 0.5228 0.367708 0.304167 0.107292 0.162037
person 0.540 0.749479 0.0462963 0.0291667 0.0925926
suitcase 0.6328 0.682031 0.663426 0.0630208 0.160185
person 0.660 0.675521 0.409259 0.0489583 0.168519
person 0.750 0.402344 0.170833 0.0276042 0.106481
person 0.780 0.673958 0.0805556 0.0229167 0.127778
person 0.790 0.642448 0.0787037 0.0276042 0.131481
person 0.820 0.0382813 0.438889 0.0442708 0.198148
person 0.840 0.858073 0.920833 0.0682292 0.158333
person 0.870 0.782812 0.895833 0.0614583 0.20463
person 0.880 0.205469 0.426852 0.0463542 0.205556
