person 0.260 0.0695312 0.306944 0.0265625 0.0916667
suitcase 0.2828 0.367188 0.303241 0.108333 0.163889
potted plant 0.3258 0.342969 0.123611 0.0401042 0.106481
person 0.330 0.126823 0.287037 0.0276042 0.142593
bicycle 0.331 0.680469 0.417593 0.0401042 0.111111
person 0.380 0.627865 0.0171296 0.0171875 0.0342593
suitcase 0.4928 0.681771 0.664815 0.0635417 0.159259
person 0.510 0.0276042 0.331481 0.040625 0.144444
bicycle 0.521 0.671094 0.419907 0.0192708 0.0990741
person 0.620 0.745313 0.0509259 0.028125 0.101852
person 0.730 0.479427 0.0768519 0.0223958 0.135185
person 0.740 0.684896 0.382407 0.046875 0.157407
person 0.760 0.376563 0.183796 0.0229167 0.117593
person 0.790 0.653125 0.0657407 0.0260417 0.12037
person 0.800 0.0755208 0.418056 0.04375 0.189815
person 0.830 0.684635 0.0685185 0.0244792 0.125926
person 0.840 0.225521 0.397685 0.0479167 0.19537
person 0.840 0.841406 0.958796 0.0651042 0.0824074
person 0.880 0.791667 0.871296 0.059375 0.255556
