person 0.280 0.0291667 0.331944 0.0354167 0.143519
person 0.300 0.125521 0.288889 0.034375 0.153704
suitcase 0.3528 0.366927 0.302778 0.107813 0.164815
person 0.370 0.845833 0.0537037 0.021875 0.0888889
person 0.420 0.568229 0.0796296 0.0270833 0.124074
bicycle 0.431 0.833594 0.0564815 0.0369792 0.0833333
person 0.440 0.83125 0.0490741 0.040625 0.0962963
suitcase 0.4628 0.681771 0.664352 0.0635417 0.160185
person 0.490 0.31849 0.208333 0.0286458 0.122222
bicycle 0.511 0.513281 0.739815 0.0390625 0.133333
person 0.540 0.536719 0.0791667 0.0203125 0.110185
bicycle 0.591 0.845052 0.0574074 0.0213542 0.0796296
bicycle 0.691 0.294792 0.814815 0.09375 0.209259
person 0.690 0.850781 0.939815 0.0598958 0.12037
person 0.750 0.528906 0.186111 0.0307292 0.148148
person 0.780 0.882031 0.0981481 0.0296875 0.133333
person 0.780 0.275781 0.739352 0.0713542 0.241667
person 0.800 0.561458 0.191667 0.03125 0.144444
person 0.820 0.926823 0.536111 0.0588542 0.233333
person 0.870 0.539062 0.686574 0.0625 0.199074
