person 0.300 0.0726563 0.327778 0.0307292 0.127778
person 0.310 0.990625 0.893981 0.01875 0.189815
person 0.350 0.127604 0.2875 0.03125 0.149074
potted plant 0.3858 0.342708 0.125926 0.0416667 0.105556
person 0.400 0.0299479 0.331944 0.0328125 0.143519
car 0.412 0.367188 0.30463 0.10625 0.159259
bicycle 0.421 0.642187 0.491667 0.0333333 0.0981481
suitcase 0.5128 0.681771 0.663889 0.0635417 0.159259
person 0.520 0.760938 0.0430556 0.0239583 0.0861111
person 0.530 0.0151042 0.471296 0.0302083 0.17963
person 0.740 0.626823 0.0925926 0.0286458 0.124074
person 0.780 0.429167 0.155093 0.025 0.134259
person 0.790 0.656771 0.448611 0.0510417 0.180556
person 0.800 0.659375 0.0990741 0.0239583 0.133333
person 0.850 0.880729 0.872685 0.0645833 0.25463
person 0.860 0.766406 0.937963 0.0630208 0.12037
person 0.870 0.172396 0.460648 0.046875 0.19537
