bench 0.2813 0.367969 0.30463 0.107813 0.164815
person 0.280 0.990885 0.895833 0.0182292 0.193519
person 0.290 0.0729167 0.32963 0.03125 0.12963
person 0.310 0.657812 0.0777778 0.053125 0.124074
person 0.340 0.127083 0.287963 0.03125 0.15
potted plant 0.3758 0.342187 0.125 0.0395833 0.105556
suitcase 0.5328 0.367708 0.30463 0.107292 0.161111
bicycle 0.571 0.658594 0.448611 0.0276042 0.106481
suitcase 0.6128 0.682031 0.664352 0.0630208 0.160185
person 0.650 0.673437 0.411574 0.0510417 0.167593
person 0.660 0.463281 0.0939815 0.0255208 0.125
person 0.680 0.750781 0.0462963 0.0296875 0.0925926
person 0.730 0.404167 0.170833 0.0291667 0.108333
person 0.770 0.672917 0.0810185 0.0239583 0.125
person 0.770 0.641667 0.0763889 0.028125 0.123148
person 0.810 0.0351562 0.441667 0.0473958 0.2
person 0.830 0.860937 0.918519 0.0729167 0.162963
person 0.870 0.78099 0.898148 0.0619792 0.201852
person 0.880 0.203906 0.427778 0.0453125 0.207407
