bicycle 0.251 0.822917 0.0578704 0.0385417 0.102778
person 0.260 0.0729167 0.324537 0.0333333 0.125
person 0.260 0.83099 0.0611111 0.0317708 0.0888889
person 0.280 0.0291667 0.332407 0.0354167 0.142593
person 0.310 0.125521 0.287963 0.034375 0.155556
motorcycle 0.343 0.48724 0.799537 0.0442708 0.139815
bicycle 0.351 0.48724 0.802778 0.0442708 0.133333
person 0.380 0.57474 0.0398148 0.0244792 0.0796296
person 0.400 0.295312 0.227315 0.0322917 0.119444
suitcase 0.4128 0.68151 0.664815 0.0630208 0.159259
car 0.412 0.367448 0.302778 0.107813 0.162963
potted plant 0.4458 0.341146 0.125926 0.04375 0.107407
person 0.520 0.817969 0.0537037 0.0348958 0.107407
bicycle 0.571 0.832812 0.0680556 0.0291667 0.0824074
person 0.600 0.558073 0.0833333 0.0348958 0.157407
bicycle 0.651 0.332552 0.75 0.0807292 0.188889
person 0.750 0.878906 0.111111 0.0296875 0.135185
person 0.760 0.872396 0.893519 0.0729167 0.209259
person 0.760 0.942187 0.500463 0.0510417 0.223148
person 0.770 0.317187 0.684259 0.0708333 0.233333
person 0.820 0.540625 0.210648 0.0291667 0.149074
person 0.840 0.508594 0.200926 0.0338542 0.148148
person 0.860 0.509115 0.744444 0.0661458 0.222222
