car 0.262 0.36849 0.302778 0.107813 0.168519
person 0.270 0.859375 0.0199074 0.0260417 0.0398148
person 0.280 0.0739583 0.327315 0.0322917 0.125
person 0.300 0.126042 0.288426 0.034375 0.15463
bicycle 0.311 0.822917 0.0574074 0.025 0.0833333
person 0.310 0.842188 0.0555556 0.0260417 0.0851852
person 0.320 0.0289063 0.331944 0.0359375 0.143519
potted plant 0.3658 0.341667 0.123148 0.04375 0.103704
suitcase 0.4228 0.681771 0.664815 0.0635417 0.159259
person 0.550 0.309375 0.215741 0.0322917 0.125926
bicycle 0.551 0.5 0.762037 0.034375 0.125926
bicycle 0.571 0.841146 0.0615741 0.0260417 0.0787037
person 0.590 0.82474 0.049537 0.0286458 0.0990741
bicycle 0.661 0.307031 0.791204 0.0901042 0.20463
person 0.660 0.564062 0.0842593 0.028125 0.135185
person 0.670 0.542969 0.075 0.0223958 0.122222
person 0.700 0.552344 0.201389 0.0255208 0.141667
person 0.740 0.859896 0.917593 0.0697917 0.162963
person 0.740 0.290885 0.728704 0.0692708 0.257407
person 0.760 0.880469 0.104167 0.0296875 0.137963
person 0.770 0.521094 0.194444 0.0338542 0.148148
person 0.820 0.934375 0.527778 0.0572917 0.237037
person 0.880 0.528125 0.707407 0.0645833 0.22037
