person 0.250 0.0729167 0.327315 0.0322917 0.126852
person 0.270 0.859896 0.0106481 0.0260417 0.0212963
person 0.290 0.127344 0.2875 0.0317708 0.149074
person 0.300 0.0307292 0.330556 0.03125 0.140741
car 0.342 0.367188 0.305556 0.107292 0.159259
person 0.340 0.990885 0.895833 0.0182292 0.193519
potted plant 0.3858 0.340625 0.126389 0.040625 0.10463
person 0.540 0.452865 0.100463 0.0255208 0.132407
bicycle 0.541 0.649219 0.469444 0.0276042 0.0962963
suitcase 0.5928 0.682031 0.663889 0.0630208 0.159259
person 0.680 0.417188 0.157407 0.021875 0.112963
person 0.700 0.756771 0.0444444 0.0270833 0.0888889
person 0.720 0.0184896 0.438889 0.0359375 0.238889
person 0.740 0.632812 0.0828704 0.0270833 0.128704
person 0.780 0.665104 0.424074 0.05 0.161111
person 0.790 0.663802 0.0893519 0.0223958 0.126852
person 0.840 0.189844 0.452315 0.0526042 0.200926
person 0.860 0.876823 0.894444 0.0723958 0.209259
person 0.880 0.769792 0.918981 0.0635417 0.162037
