car 0.272 0.367448 0.304167 0.106771 0.160185
person 0.300 0.990885 0.893981 0.0182292 0.189815
person 0.330 0.127604 0.288426 0.028125 0.143519
person 0.330 0.0729167 0.327778 0.03125 0.127778
potted plant 0.3858 0.342969 0.125926 0.0421875 0.105556
person 0.420 0.0260417 0.330556 0.040625 0.146296
bicycle 0.461 0.642969 0.491204 0.0328125 0.0990741
suitcase 0.5528 0.682031 0.664352 0.0630208 0.160185
person 0.610 0.760417 0.0430556 0.025 0.0861111
person 0.690 0.0171875 0.466667 0.034375 0.183333
person 0.740 0.627344 0.0930556 0.0296875 0.123148
person 0.770 0.657552 0.446296 0.0505208 0.17963
person 0.780 0.428646 0.156481 0.025 0.131481
person 0.790 0.659896 0.0962963 0.0229167 0.127778
person 0.820 0.174479 0.459722 0.0479167 0.197222
person 0.860 0.88099 0.875 0.0640625 0.25
person 0.870 0.765885 0.935185 0.0630208 0.125926
