person 0.260 0.0736979 0.327315 0.0317708 0.125
person 0.280 0.125781 0.288426 0.0348958 0.15463
person 0.300 0.57526 0.0319444 0.0234375 0.0638889
person 0.300 0.0289063 0.331944 0.0359375 0.143519
person 0.300 0.842188 0.0564815 0.025 0.0851852
suitcase 0.3328 0.367188 0.302315 0.108333 0.165741
potted plant 0.3758 0.341406 0.124074 0.0442708 0.105556
person 0.440 0.825 0.049537 0.028125 0.0990741
suitcase 0.4528 0.681771 0.664815 0.0635417 0.159259
bicycle 0.501 0.834375 0.0615741 0.034375 0.0787037
bicycle 0.581 0.502083 0.759722 0.0354167 0.128704
person 0.600 0.564583 0.0847222 0.028125 0.134259
person 0.640 0.3125 0.201852 0.0322917 0.15
bicycle 0.661 0.308854 0.799074 0.0833333 0.201852
person 0.660 0.542448 0.0763889 0.0234375 0.121296
person 0.690 0.553646 0.199537 0.0260417 0.141667
person 0.720 0.860156 0.918519 0.0723958 0.161111
person 0.750 0.522917 0.192593 0.0333333 0.15
person 0.750 0.28776 0.734259 0.0703125 0.261111
person 0.770 0.880729 0.102315 0.0302083 0.136111
person 0.820 0.933333 0.530093 0.0572917 0.230556
person 0.880 0.529688 0.706944 0.0635417 0.221296
