person 0.250 0.990885 0.894907 0.0182292 0.189815
person 0.260 0.00546875 0.350926 0.0109375 0.105556
bench 0.3113 0.367708 0.303241 0.108333 0.169444
person 0.340 0.126823 0.287037 0.0276042 0.142593
suitcase 0.4728 0.68151 0.664815 0.0630208 0.159259
person 0.470 0.484896 0.0851852 0.021875 0.116667
person 0.470 0.625781 0.0180556 0.0140625 0.0361111
person 0.490 0.0304688 0.333333 0.0328125 0.142593
bicycle 0.571 0.678906 0.414352 0.0276042 0.0990741
person 0.690 0.744271 0.0518519 0.028125 0.103704
person 0.760 0.833854 0.968518 0.05625 0.062963
person 0.760 0.65625 0.0638889 0.0270833 0.118519
person 0.770 0.688542 0.0671296 0.0239583 0.121296
person 0.780 0.688542 0.374537 0.0458333 0.150926
person 0.810 0.372135 0.193981 0.0286458 0.115741
person 0.830 0.0820312 0.406019 0.0390625 0.191667
person 0.870 0.23151 0.394444 0.0453125 0.192593
person 0.880 0.795833 0.866667 0.0614583 0.257407
