bicycle 0.281 0.802865 0.115741 0.0161458 0.0759259
car 0.312 0.365625 0.304167 0.102083 0.158333
bicycle 0.341 0.760417 0.0513889 0.021875 0.0768519
person 0.370 0.0296875 0.332407 0.0333333 0.142593
person 0.370 0.701563 0.0166667 0.0125 0.0333333
person 0.380 0.126042 0.286111 0.0333333 0.146296
potted plant 0.3958 0.34375 0.125926 0.0427083 0.105556
person 0.420 0.761719 0.0449074 0.0244792 0.0824074
person 0.500 0.930208 0.669444 0.0385417 0.140741
suitcase 0.5228 0.68151 0.665741 0.0630208 0.159259
person 0.590 0.501302 0.131019 0.0307292 0.132407
person 0.630 0.789583 0.0819444 0.0427083 0.147222
bicycle 0.721 0.45026 0.577315 0.0734375 0.160185
person 0.720 0.544271 0.0523148 0.0270833 0.10463
person 0.720 0.435677 0.510648 0.0609375 0.187963
person 0.730 0.208073 0.263889 0.0484375 0.188889
person 0.750 0.601302 0.0430556 0.0223958 0.0861111
person 0.770 0.103385 0.407407 0.0390625 0.175926
person 0.800 0.415625 0.913889 0.0729167 0.166667
person 0.810 0.0705729 0.926389 0.0588542 0.14537
person 0.810 0.428125 0.266204 0.0385417 0.162037
person 0.830 0.875781 0.774537 0.0692708 0.256481
person 0.850 0.466927 0.274537 0.0296875 0.160185
person 0.860 0.873177 0.162037 0.0328125 0.144444
