backpack 0.2924 0.266667 0.229167 0.0322917 0.136111
suitcase 0.3128 0.68151 0.665278 0.0630208 0.158333
person 0.310 0.196615 0.215741 0.0286458 0.142593
person 0.330 0.0734375 0.327778 0.0322917 0.127778
person 0.360 0.12526 0.288426 0.0338542 0.156481
car 0.372 0.367969 0.303241 0.106771 0.162037
person 0.380 0.0296875 0.331944 0.0333333 0.14537
potted plant 0.3858 0.343229 0.125463 0.04375 0.102778
person 0.480 0.00989583 0.440278 0.0197917 0.247222
bicycle 0.531 0.815365 0.0814815 0.0348958 0.0888889
person 0.560 0.805729 0.0578704 0.0385417 0.115741
bicycle 0.591 0.449219 0.875926 0.0401042 0.142593
person 0.600 0.572917 0.0537037 0.0229167 0.107407
person 0.630 0.538021 0.110648 0.0260417 0.125
person 0.650 0.886979 0.84213 0.0552083 0.247222
bicycle 0.691 0.377344 0.677778 0.0796875 0.181481
person 0.750 0.363802 0.612037 0.0630208 0.222222
person 0.780 0.480469 0.224537 0.0348958 0.163889
person 0.790 0.26901 0.236574 0.0401042 0.160185
person 0.800 0.515365 0.233333 0.0265625 0.15
person 0.820 0.47474 0.823148 0.0671875 0.253704
person 0.830 0.876302 0.131481 0.0328125 0.138889
