handbag 0.2826 0.550521 0.150463 0.0302083 0.0990741
person 0.310 0.126823 0.287963 0.0348958 0.153704
person 0.330 0.0294271 0.331944 0.0359375 0.14537
person 0.370 0.584115 0.0606481 0.0265625 0.0953704
person 0.380 0.344271 0.191204 0.03125 0.119444
person 0.390 0.855208 0.0398148 0.0177083 0.0796296
suitcase 0.4728 0.681771 0.664352 0.0635417 0.160185
person 0.480 0.835677 0.0412037 0.0244792 0.075
suitcase 0.5228 0.366667 0.303704 0.108333 0.162963
bicycle 0.581 0.238542 0.896759 0.102083 0.202778
bicycle 0.691 0.542708 0.680556 0.034375 0.122222
person 0.750 0.51849 0.0949074 0.0244792 0.115741
person 0.760 0.88724 0.0847222 0.0296875 0.130556
person 0.770 0.552083 0.165741 0.0322917 0.140741
person 0.770 0.216927 0.84213 0.0755208 0.275
person 0.810 0.584896 0.172222 0.0260417 0.144444
person 0.840 0.910677 0.594444 0.0619792 0.246296
person 0.850 0.567969 0.63287 0.0598958 0.20463
