bench 0.2513 0.367708 0.303241 0.108333 0.167593
person 0.250 0.859115 0.0111111 0.0255208 0.0203704
car 0.262 0.367448 0.30463 0.107813 0.161111
person 0.260 0.0726563 0.325 0.0307292 0.124074
person 0.310 0.990885 0.895833 0.0182292 0.193519
person 0.320 0.127344 0.2875 0.0276042 0.14537
potted plant 0.3858 0.342708 0.125926 0.040625 0.105556
bicycle 0.451 0.654167 0.463889 0.03125 0.107407
suitcase 0.5228 0.682031 0.663889 0.0630208 0.159259
person 0.560 0.453646 0.103241 0.0229167 0.121296
person 0.710 0.411719 0.156481 0.0213542 0.105556
person 0.710 0.635677 0.0837963 0.0265625 0.115741
person 0.730 0.754687 0.0449074 0.0302083 0.0898148
person 0.780 0.667448 0.421296 0.0505208 0.155556
person 0.810 0.666406 0.087037 0.0223958 0.124074
person 0.820 0.0213542 0.458796 0.040625 0.182407
person 0.850 0.873958 0.899537 0.0770833 0.200926
person 0.870 0.772135 0.916204 0.0651042 0.167593
person 0.890 0.193229 0.444444 0.05 0.201852
