suitcase 0.2728 0.367188 0.303241 0.107292 0.163889
person 0.350 0.127083 0.2875 0.028125 0.143519
potted plant 0.3758 0.342969 0.123148 0.0411458 0.105556
person 0.380 0.0734375 0.325 0.034375 0.124074
person 0.400 0.628906 0.0162037 0.0151042 0.0324074
person 0.450 0.0296875 0.333796 0.0333333 0.14537
suitcase 0.5028 0.681771 0.664815 0.0635417 0.159259
bicycle 0.571 0.66901 0.425463 0.0213542 0.0972222
person 0.630 0.745833 0.050463 0.0270833 0.100926
person 0.700 0.476823 0.087037 0.0244792 0.124074
person 0.750 0.651563 0.0703704 0.0302083 0.122222
person 0.790 0.682552 0.384722 0.0473958 0.162037
person 0.790 0.38099 0.183333 0.0213542 0.114815
person 0.800 0.682292 0.0708333 0.0229167 0.123148
person 0.810 0.0677083 0.425 0.0520833 0.188889
person 0.830 0.842969 0.947685 0.0671875 0.10463
person 0.860 0.220052 0.399074 0.0463542 0.192593
person 0.880 0.789844 0.877315 0.0619792 0.24537
