backpack 0.2824 0.26875 0.234722 0.0302083 0.147222
person 0.310 0.196875 0.215741 0.028125 0.142593
person 0.310 0.00911458 0.466204 0.0182292 0.202778
bicycle 0.331 0.807813 0.0652778 0.0416667 0.115741
person 0.330 0.0734375 0.327778 0.0322917 0.127778
suitcase 0.3428 0.68151 0.665278 0.0630208 0.158333
person 0.360 0.12526 0.287963 0.0338542 0.155556
potted plant 0.3958 0.343229 0.125463 0.04375 0.10463
car 0.402 0.367708 0.303241 0.107292 0.162037
person 0.420 0.0296875 0.332407 0.034375 0.146296
bicycle 0.531 0.816927 0.0810185 0.0317708 0.0861111
person 0.570 0.80651 0.0578704 0.0380208 0.115741
person 0.600 0.538281 0.109722 0.0244792 0.119444
bicycle 0.661 0.373698 0.682407 0.0838542 0.175926
bicycle 0.671 0.450521 0.871296 0.040625 0.146296
person 0.690 0.571875 0.0546296 0.0229167 0.109259
person 0.700 0.884896 0.843056 0.0552083 0.250926
person 0.780 0.361979 0.615741 0.065625 0.222222
person 0.780 0.269531 0.238426 0.0369792 0.156481
person 0.790 0.482031 0.223148 0.0369792 0.161111
person 0.800 0.477344 0.813426 0.0651042 0.247222
person 0.820 0.876823 0.131019 0.0328125 0.139815
person 0.840 0.516406 0.23287 0.0265625 0.152778
