motorcycle 0.263 0.570052 0.633796 0.0369792 0.123148
person 0.270 0.00572917 0.349074 0.0114583 0.111111
person 0.270 0.197396 0.213889 0.0302083 0.142593
car 0.292 0.367188 0.303241 0.108333 0.163889
person 0.290 0.0734375 0.326852 0.0302083 0.124074
suitcase 0.3128 0.367188 0.302315 0.108333 0.171296
person 0.320 0.0268229 0.331944 0.0411458 0.143519
person 0.360 0.848177 0.0347222 0.0296875 0.0694444
person 0.370 0.126042 0.288889 0.034375 0.155556
person 0.380 0.858854 0.037037 0.0166667 0.0648148
bicycle 0.421 0.570312 0.6375 0.0375 0.121296
person 0.450 0.824219 0.0314815 0.0286458 0.062963
bicycle 0.491 0.193229 0.936574 0.0947917 0.126852
person 0.490 0.60026 0.050463 0.0307292 0.100926
person 0.500 0.838021 0.0375 0.0239583 0.0694444
suitcase 0.5428 0.681771 0.664815 0.0635417 0.159259
person 0.730 0.891406 0.0685185 0.0286458 0.133333
person 0.770 0.604167 0.156019 0.0229167 0.132407
person 0.770 0.368229 0.155093 0.03125 0.147222
person 0.790 0.570052 0.15 0.0317708 0.140741
person 0.790 0.157552 0.887963 0.0796875 0.212963
person 0.800 0.501562 0.109259 0.0208333 0.112963
person 0.840 0.896875 0.657407 0.0645833 0.259259
person 0.860 0.0289063 0.609259 0.0567708 0.233333
person 0.870 0.588021 0.581944 0.0614583 0.189815
