person 0.260 0.0739583 0.327315 0.0302083 0.125
car 0.282 0.367448 0.305093 0.107813 0.160185
person 0.300 0.990885 0.89537 0.0182292 0.192593
person 0.320 0.127344 0.2875 0.0276042 0.14537
potted plant 0.3758 0.342708 0.125926 0.0395833 0.103704
bicycle 0.461 0.658073 0.457407 0.0359375 0.116667
suitcase 0.5128 0.682031 0.663889 0.0630208 0.159259
person 0.540 0.45651 0.101852 0.0255208 0.124074
person 0.700 0.636719 0.0847222 0.0265625 0.115741
person 0.720 0.411198 0.156944 0.0234375 0.10463
person 0.740 0.66875 0.42037 0.05 0.157407
person 0.740 0.754167 0.0449074 0.0291667 0.0898148
person 0.760 0.0229167 0.45787 0.040625 0.184259
person 0.820 0.667448 0.0875 0.0234375 0.123148
person 0.850 0.872917 0.900926 0.0770833 0.198148
person 0.870 0.773958 0.914815 0.0635417 0.17037
person 0.880 0.195052 0.440278 0.0505208 0.202778
