person 0.260 0.85599 0.0361111 0.0244792 0.0648148
person 0.270 0.197396 0.214352 0.0302083 0.141667
person 0.290 0.00572917 0.348611 0.0114583 0.110185
person 0.320 0.0734375 0.327315 0.0302083 0.123148
potted plant 0.3258 0.339844 0.125 0.0390625 0.105556
handbag 0.3426 0.866927 0.712037 0.0265625 0.15
person 0.350 0.0265625 0.331944 0.040625 0.143519
suitcase 0.3628 0.367448 0.302778 0.108854 0.164815
person 0.380 0.127083 0.2875 0.0333333 0.150926
person 0.460 0.603385 0.0467593 0.0265625 0.0935185
suitcase 0.4728 0.681771 0.664815 0.0635417 0.159259
bicycle 0.481 0.179427 0.95463 0.0838542 0.0907407
person 0.520 0.843229 0.0361111 0.025 0.0666667
person 0.570 0.815104 0.0300926 0.021875 0.0601852
bicycle 0.591 0.575781 0.62037 0.0265625 0.109259
person 0.760 0.89375 0.0671296 0.0302083 0.128704
person 0.790 0.577083 0.142593 0.0302083 0.137037
person 0.790 0.377344 0.150926 0.0328125 0.146296
person 0.800 0.134375 0.90463 0.0802083 0.17963
person 0.800 0.896354 0.665278 0.0708333 0.258333
person 0.800 0.497917 0.113426 0.025 0.119444
person 0.800 0.609375 0.146296 0.025 0.131481
person 0.820 0.597396 0.572222 0.0552083 0.196296
person 0.860 0.0427083 0.581944 0.0604167 0.215741
