person 0.280 0.0729167 0.325 0.0333333 0.125926
person 0.290 0.830469 0.0611111 0.0307292 0.0888889
person 0.300 0.0291667 0.331944 0.0354167 0.143519
suitcase 0.3628 0.68151 0.665278 0.0630208 0.160185
person 0.360 0.125781 0.287963 0.0338542 0.155556
person 0.360 0.573958 0.037963 0.0239583 0.0759259
potted plant 0.4358 0.340885 0.125926 0.0432292 0.107407
car 0.472 0.367448 0.302778 0.107813 0.162963
bicycle 0.521 0.83125 0.0680556 0.03125 0.0842593
bicycle 0.551 0.482552 0.808333 0.0432292 0.133333
person 0.550 0.555469 0.0962963 0.0296875 0.144444
person 0.570 0.816146 0.0532407 0.0375 0.106481
person 0.610 0.293229 0.218981 0.0322917 0.137963
bicycle 0.631 0.335938 0.741667 0.0802083 0.192593
person 0.650 0.941667 0.499537 0.053125 0.223148
person 0.730 0.323958 0.687963 0.0739583 0.251852
person 0.740 0.878646 0.112963 0.0291667 0.135185
person 0.760 0.536198 0.211574 0.0338542 0.147222
person 0.810 0.874479 0.889352 0.0729167 0.215741
person 0.810 0.50599 0.206481 0.0359375 0.148148
person 0.870 0.50651 0.749537 0.0640625 0.221296
