person 0.270 0.0299479 0.332407 0.0328125 0.142593
potted plant 0.2758 0.340104 0.125463 0.040625 0.106481
person 0.270 0.197135 0.213889 0.0296875 0.138889
bicycle 0.281 0.609635 0.542593 0.0536458 0.181481
person 0.330 0.0734375 0.327315 0.0302083 0.123148
person 0.390 0.861719 0.0236111 0.0161458 0.0453704
person 0.390 0.126042 0.288426 0.0333333 0.152778
car 0.392 0.367188 0.305093 0.108333 0.160185
person 0.400 0.613802 0.0472222 0.0265625 0.0944444
person 0.460 0.850781 0.0273148 0.0296875 0.0527778
suitcase 0.5728 0.681771 0.665278 0.0635417 0.158333
bicycle 0.581 0.598177 0.576389 0.0348958 0.117593
person 0.660 0.394792 0.145833 0.03125 0.141667
person 0.690 0.800521 0.0328704 0.025 0.0657407
person 0.700 0.898698 0.0592593 0.0286458 0.118519
person 0.760 0.624219 0.135648 0.0234375 0.132407
person 0.790 0.592448 0.128704 0.0286458 0.131481
person 0.800 0.481771 0.124074 0.025 0.118519
person 0.800 0.889063 0.72037 0.0697917 0.272222
person 0.810 0.61224 0.531018 0.0567708 0.184259
person 0.820 0.0666667 0.952778 0.0802083 0.0944444
person 0.860 0.0846354 0.544907 0.0546875 0.215741
