person 0.290 0.125781 0.288426 0.0338542 0.152778
person 0.300 0.0294271 0.331944 0.0348958 0.143519
bicycle 0.311 0.257292 0.847685 0.096875 0.171296
person 0.350 0.581771 0.0648148 0.0291667 0.105556
suitcase 0.3928 0.68151 0.664815 0.0630208 0.159259
suitcase 0.3928 0.366927 0.304167 0.107813 0.162037
person 0.460 0.340104 0.190741 0.034375 0.118519
person 0.560 0.836979 0.0430556 0.0291667 0.0824074
bicycle 0.591 0.238802 0.888889 0.0651042 0.211111
bicycle 0.611 0.535677 0.693981 0.0359375 0.130556
person 0.700 0.234115 0.808796 0.0744792 0.262037
person 0.760 0.521094 0.0902778 0.0234375 0.112037
person 0.770 0.546094 0.168056 0.0328125 0.14537
person 0.770 0.579427 0.177778 0.0255208 0.142593
person 0.790 0.884896 0.0865741 0.0291667 0.134259
person 0.840 0.914062 0.578241 0.0625 0.241667
person 0.850 0.560677 0.646296 0.0609375 0.203704
