suitcase 0.2628 0.955469 0.420833 0.0401042 0.20463
car 0.302 0.367969 0.303241 0.105729 0.158333
person 0.300 0.0736979 0.327315 0.0307292 0.125
person 0.300 0.197135 0.216204 0.0286458 0.143519
person 0.310 0.125781 0.287963 0.0338542 0.157407
bicycle 0.401 0.808073 0.0972222 0.0234375 0.0759259
person 0.400 0.705469 0.012963 0.0109375 0.0259259
potted plant 0.4358 0.34375 0.126389 0.0427083 0.10463
suitcase 0.5528 0.681771 0.664815 0.0635417 0.159259
person 0.600 0.908854 0.714815 0.0395833 0.111111
bicycle 0.641 0.419531 0.931944 0.0411458 0.136111
person 0.650 0.555729 0.0453704 0.0270833 0.0907407
person 0.690 0.519531 0.112963 0.0307292 0.138889
person 0.710 0.588021 0.0509259 0.0208333 0.0962963
bicycle 0.721 0.410677 0.631019 0.0765625 0.169444
person 0.750 0.886198 0.828241 0.0609375 0.223148
person 0.750 0.395312 0.569444 0.0635417 0.218519
person 0.760 0.795313 0.0671296 0.0427083 0.134259
person 0.760 0.0440104 0.448148 0.0411458 0.183333
person 0.770 0.876562 0.143981 0.034375 0.143519
person 0.810 0.49349 0.252778 0.0265625 0.155556
person 0.820 0.242969 0.257407 0.0369792 0.162963
person 0.830 0.449219 0.873148 0.0723958 0.240741
person 0.860 0.456771 0.237037 0.0333333 0.17037
