person 0.290 0.196615 0.215741 0.0286458 0.140741
person 0.290 0.0736979 0.327315 0.0317708 0.125
car 0.342 0.367969 0.303241 0.106771 0.162037
person 0.340 0.0257812 0.330556 0.0432292 0.146296
person 0.370 0.125 0.287037 0.034375 0.157407
potted plant 0.4058 0.343229 0.125463 0.0427083 0.10463
person 0.470 0.275521 0.236111 0.0322917 0.144444
person 0.480 0.541146 0.106481 0.025 0.125926
suitcase 0.4828 0.681771 0.664352 0.0635417 0.160185
bicycle 0.491 0.816667 0.0777778 0.0385417 0.0833333
bicycle 0.671 0.45651 0.859722 0.0390625 0.136111
person 0.670 0.808854 0.0537037 0.0375 0.107407
bicycle 0.701 0.367448 0.692593 0.0817708 0.183333
person 0.730 0.879167 0.849074 0.0541667 0.240741
person 0.740 0.569531 0.0555556 0.0192708 0.109259
person 0.750 0.353906 0.631944 0.0651042 0.232407
person 0.810 0.485417 0.222222 0.034375 0.157407
person 0.810 0.519531 0.230556 0.0265625 0.15
person 0.830 0.878646 0.127778 0.0322917 0.138889
person 0.890 0.483594 0.793981 0.0692708 0.228704
