person 0.290 0.0734375 0.327315 0.0302083 0.125
person 0.340 0.0296875 0.332407 0.034375 0.142593
car 0.362 0.367188 0.304167 0.107292 0.162037
person 0.370 0.125521 0.288889 0.0322917 0.153704
bicycle 0.381 0.616927 0.534259 0.0338542 0.114815
potted plant 0.4058 0.340625 0.125926 0.0427083 0.107407
person 0.410 0.860677 0.0194444 0.0171875 0.0388889
person 0.410 0.852344 0.0199074 0.0213542 0.0398148
surfboard 0.4537 0.865625 0.852315 0.0270833 0.173148
suitcase 0.5628 0.682292 0.664352 0.0635417 0.158333
person 0.570 0.90599 0.0537037 0.0307292 0.107407
person 0.700 0.783594 0.0361111 0.0265625 0.0722222
person 0.760 0.414583 0.128241 0.0270833 0.132407
person 0.790 0.639844 0.116667 0.0223958 0.131481
person 0.800 0.4625 0.139815 0.0229167 0.122222
person 0.810 0.608594 0.112963 0.0286458 0.137037
person 0.820 0.632031 0.494907 0.0536458 0.176852
person 0.840 0.892187 0.798611 0.0645833 0.287963
person 0.880 0.128906 0.510648 0.0567708 0.210185
