person 0.280 0.0257812 0.331944 0.0411458 0.143519
person 0.290 0.197396 0.214352 0.0302083 0.141667
potted plant 0.3258 0.339844 0.125463 0.0411458 0.106481
person 0.340 0.0734375 0.327315 0.0302083 0.123148
car 0.372 0.36875 0.301852 0.109375 0.17037
person 0.380 0.126042 0.289352 0.034375 0.15463
person 0.450 0.604948 0.050463 0.0244792 0.100926
bicycle 0.481 0.583594 0.604167 0.0296875 0.115741
person 0.500 0.846615 0.0375 0.0255208 0.0657407
suitcase 0.6228 0.681771 0.665278 0.0635417 0.158333
person 0.670 0.808854 0.0319444 0.0229167 0.062037
person 0.740 0.896354 0.0634259 0.0291667 0.125
person 0.760 0.38125 0.15 0.0302083 0.140741
person 0.760 0.583073 0.134722 0.0328125 0.134259
person 0.770 0.613802 0.142593 0.0276042 0.131481
person 0.810 0.49349 0.118056 0.0255208 0.117593
person 0.810 0.11901 0.918519 0.0963542 0.161111
person 0.820 0.602083 0.555093 0.05625 0.189815
person 0.850 0.892969 0.689352 0.0682292 0.258333
person 0.870 0.0604167 0.571759 0.0645833 0.228704
