bicycle 0.261 0.585417 0.598611 0.05 0.163889
person 0.260 0.83125 0.0324074 0.0458333 0.062963
person 0.290 0.00572917 0.348611 0.0114583 0.110185
handbag 0.3026 0.867708 0.702315 0.0239583 0.128704
person 0.310 0.0736979 0.327315 0.0307292 0.123148
potted plant 0.3358 0.339063 0.125463 0.0385417 0.10463
person 0.340 0.602083 0.0458333 0.028125 0.0916667
person 0.350 0.125781 0.289352 0.0348958 0.15463
person 0.350 0.0263021 0.331944 0.0411458 0.143519
person 0.350 0.859896 0.0351852 0.015625 0.062963
suitcase 0.3828 0.367448 0.300463 0.108854 0.175
bicycle 0.411 0.185417 0.952315 0.08125 0.0935185
person 0.460 0.841927 0.0347222 0.0213542 0.0694444
suitcase 0.4828 0.681771 0.664815 0.0635417 0.159259
person 0.540 0.818229 0.0296296 0.0229167 0.0592593
bicycle 0.641 0.573177 0.623148 0.0286458 0.111111
person 0.670 0.575521 0.144907 0.0302083 0.137963
person 0.710 0.373958 0.153241 0.03125 0.143519
person 0.750 0.892448 0.0680556 0.0296875 0.126852
person 0.790 0.607552 0.148611 0.0244792 0.130556
person 0.790 0.144271 0.898611 0.0802083 0.197222
person 0.810 0.498177 0.1125 0.0234375 0.119444
person 0.830 0.594271 0.576389 0.05625 0.191667
person 0.840 0.896875 0.661111 0.0697917 0.262963
person 0.870 0.0364583 0.598148 0.0583333 0.233333
