person 0.300 0.0739583 0.327778 0.03125 0.124074
person 0.340 0.5875 0.0523148 0.0260417 0.0916667
person 0.350 0.126302 0.287963 0.0348958 0.155556
person 0.390 0.0268229 0.331481 0.0411458 0.146296
person 0.390 0.0148437 0.649074 0.0286458 0.162963
person 0.410 0.838542 0.0388889 0.0291667 0.0722222
person 0.440 0.352604 0.169444 0.0322917 0.148148
suitcase 0.4828 0.366667 0.30463 0.108333 0.161111
suitcase 0.4928 0.681771 0.664352 0.0635417 0.160185
bicycle 0.501 0.232812 0.903704 0.0927083 0.185185
person 0.510 0.856771 0.0412037 0.0145833 0.0731481
bicycle 0.621 0.548958 0.668981 0.0333333 0.115741
person 0.700 0.202604 0.854167 0.075 0.273148
person 0.710 0.515104 0.100463 0.025 0.115741
person 0.750 0.888021 0.0787037 0.0291667 0.131481
person 0.770 0.590365 0.165741 0.0307292 0.144444
person 0.790 0.55625 0.159722 0.0322917 0.137963
person 0.830 0.572917 0.62037 0.059375 0.201852
person 0.840 0.906771 0.606481 0.0614583 0.237037
