person 0.260 0.0736979 0.328241 0.0307292 0.125
person 0.310 0.127604 0.2875 0.03125 0.149074
person 0.310 0.990885 0.895833 0.0182292 0.193519
suitcase 0.3428 0.367448 0.305093 0.107813 0.160185
potted plant 0.3858 0.342448 0.125463 0.0401042 0.106481
suitcase 0.4728 0.682031 0.663889 0.0630208 0.159259
bicycle 0.501 0.657552 0.454167 0.0296875 0.112037
person 0.580 0.459635 0.102778 0.0244792 0.12037
person 0.680 0.409896 0.163426 0.0291667 0.102778
person 0.720 0.752083 0.0462963 0.028125 0.0925926
person 0.720 0.671354 0.416204 0.0510417 0.163889
person 0.730 0.639063 0.0833333 0.028125 0.122222
person 0.820 0.670052 0.0865741 0.0244792 0.121296
person 0.860 0.0299479 0.449074 0.0494792 0.194444
person 0.860 0.86901 0.906944 0.0765625 0.186111
person 0.860 0.198958 0.430556 0.0458333 0.196296
person 0.880 0.777083 0.908333 0.0635417 0.183333
