person 0.250 0.435156 0.0777778 0.0223958 0.0777778
person 0.310 0.0734375 0.326852 0.0302083 0.124074
bicycle 0.331 0.635938 0.500463 0.0333333 0.106481
person 0.330 0.127344 0.287963 0.0317708 0.148148
person 0.350 0.990885 0.893519 0.0182292 0.190741
car 0.362 0.367188 0.303704 0.107292 0.161111
person 0.370 0.855729 0.0143519 0.0260417 0.0287037
potted plant 0.3758 0.340625 0.126389 0.0427083 0.106481
person 0.380 0.0291667 0.331944 0.034375 0.143519
suitcase 0.5528 0.682031 0.664352 0.0630208 0.158333
person 0.560 0.764583 0.0407407 0.0270833 0.0814815
person 0.730 0.622656 0.100463 0.0296875 0.128704
person 0.780 0.438542 0.154167 0.0291667 0.130556
person 0.780 0.653906 0.103241 0.0244792 0.121296
person 0.810 0.652865 0.454167 0.0494792 0.176852
person 0.830 0.767448 0.949074 0.0619792 0.101852
person 0.860 0.882552 0.865278 0.0661458 0.269444
person 0.870 0.163542 0.47963 0.0510417 0.211111
