person 0.300 0.0736979 0.327315 0.0307292 0.125
suitcase 0.3228 0.879427 0.665741 0.0223958 0.142593
person 0.350 0.126302 0.289352 0.0348958 0.15463
person 0.370 0.842188 0.0388889 0.0291667 0.0685185
person 0.370 0.0268229 0.332407 0.0411458 0.144444
person 0.380 0.355469 0.167593 0.0296875 0.15
person 0.460 0.856771 0.0375 0.0177083 0.0731481
person 0.460 0.832552 0.0324074 0.0244792 0.0648148
suitcase 0.4728 0.366927 0.303704 0.107813 0.164815
bicycle 0.501 0.555469 0.656018 0.0328125 0.126852
person 0.540 0.589844 0.0634259 0.0255208 0.115741
suitcase 0.6028 0.681771 0.664815 0.0635417 0.159259
bicycle 0.681 0.21901 0.915741 0.101562 0.164815
person 0.700 0.015625 0.627778 0.03125 0.207407
person 0.740 0.889323 0.0768519 0.0296875 0.131481
person 0.770 0.511198 0.0986111 0.0234375 0.117593
person 0.780 0.190365 0.868981 0.0776042 0.260185
person 0.800 0.577604 0.60787 0.0583333 0.200926
person 0.800 0.902604 0.6125 0.0604167 0.239815
person 0.830 0.595312 0.165278 0.0260417 0.136111
person 0.850 0.560417 0.154167 0.0291667 0.147222
