person 0.330 0.126823 0.2875 0.0276042 0.143519
potted plant 0.3858 0.342969 0.122222 0.0401042 0.103704
suitcase 0.3828 0.682031 0.664815 0.0630208 0.159259
person 0.410 0.628906 0.0162037 0.0151042 0.0324074
person 0.420 0.0734375 0.325463 0.0322917 0.123148
person 0.500 0.0294271 0.332407 0.0348958 0.146296
bicycle 0.571 0.669792 0.428241 0.0260417 0.0972222
person 0.610 0.746354 0.0509259 0.0270833 0.101852
person 0.680 0.476042 0.0861111 0.0239583 0.124074
person 0.760 0.650781 0.0731481 0.0307292 0.12037
person 0.780 0.682292 0.0740741 0.021875 0.12037
person 0.790 0.382812 0.182407 0.0208333 0.114815
person 0.800 0.0677083 0.424074 0.0552083 0.194444
person 0.820 0.682031 0.383333 0.0484375 0.162963
person 0.830 0.844271 0.943519 0.0677083 0.112963
person 0.860 0.217708 0.402315 0.0447917 0.193519
person 0.880 0.789062 0.87963 0.0614583 0.240741
