person 0.280 0.126042 0.288426 0.034375 0.152778
bicycle 0.291 0.832552 0.0509259 0.0255208 0.0777778
person 0.300 0.0296875 0.331944 0.0354167 0.143519
suitcase 0.4028 0.366927 0.303241 0.107813 0.162037
bicycle 0.411 0.847396 0.0527778 0.021875 0.0740741
suitcase 0.4828 0.68151 0.664815 0.0630208 0.159259
bicycle 0.511 0.523698 0.718982 0.0359375 0.121296
person 0.550 0.576563 0.0814815 0.03125 0.12037
person 0.570 0.835156 0.0449074 0.0328125 0.0898148
bicycle 0.601 0.26276 0.858333 0.0578125 0.198148
person 0.620 0.529427 0.0814815 0.0234375 0.111111
person 0.680 0.855208 0.952315 0.0489583 0.0935185
person 0.690 0.329167 0.199074 0.028125 0.127778
person 0.780 0.55026 0.672685 0.0609375 0.217593
person 0.790 0.255729 0.785185 0.075 0.27037
person 0.810 0.538021 0.180093 0.03125 0.141667
person 0.820 0.882812 0.0944444 0.0291667 0.137037
person 0.830 0.571615 0.187037 0.0244792 0.140741
person 0.850 0.91849 0.563426 0.0588542 0.243519
