potted plant 0.2858 0.341667 0.118981 0.040625 0.0953704
bench 0.3113 0.36849 0.302315 0.105729 0.169444
person 0.340 0.0721354 0.326389 0.0307292 0.126852
suitcase 0.4328 0.367708 0.303241 0.107292 0.163889
suitcase 0.4528 0.681771 0.665278 0.0625 0.158333
person 0.500 0.61901 0.0226852 0.0182292 0.0453704
person 0.510 0.0296875 0.332407 0.034375 0.144444
bicycle 0.571 0.691406 0.376852 0.0234375 0.0962963
person 0.600 0.732813 0.062037 0.0270833 0.112963
person 0.630 0.508073 0.0643518 0.0234375 0.117593
person 0.690 0.708073 0.0555556 0.0234375 0.109259
person 0.710 0.677083 0.0518519 0.025 0.103704
person 0.710 0.1375 0.336574 0.0489583 0.252778
person 0.790 0.707031 0.342593 0.0453125 0.162963
person 0.810 0.327865 0.225 0.0317708 0.142593
person 0.830 0.0268229 0.646296 0.0536458 0.218519
person 0.850 0.259896 0.350463 0.0447917 0.184259
person 0.860 0.502604 0.936111 0.0677083 0.125926
person 0.880 0.826042 0.784259 0.0583333 0.248148
