person 0.280 0.0734375 0.326389 0.0302083 0.125
person 0.330 0.0294271 0.331944 0.0338542 0.143519
person 0.330 0.990885 0.891204 0.0182292 0.187963
person 0.400 0.126823 0.287037 0.0317708 0.148148
person 0.400 0.855469 0.0152778 0.0286458 0.0305556
potted plant 0.4058 0.340885 0.125926 0.0432292 0.107407
car 0.412 0.367188 0.302778 0.107292 0.162963
person 0.410 0.632812 0.106481 0.05 0.125926
bicycle 0.461 0.625 0.513889 0.0260417 0.0925926
surfboard 0.5437 0.864062 0.905093 0.025 0.167593
person 0.550 0.425781 0.124537 0.0265625 0.143519
suitcase 0.6128 0.682031 0.664352 0.0630208 0.158333
person 0.690 0.446094 0.14537 0.0255208 0.135185
person 0.750 0.770312 0.0388889 0.0302083 0.0777778
person 0.760 0.760938 0.962963 0.053125 0.0740741
person 0.770 0.648177 0.104167 0.0244792 0.125
person 0.780 0.616927 0.105093 0.0276042 0.126852
person 0.810 0.645833 0.471759 0.05 0.176852
person 0.830 0.885677 0.84213 0.0671875 0.293519
person 0.870 0.152604 0.483796 0.0489583 0.202778
