person 0.260 0.0286458 0.331944 0.0364583 0.143519
person 0.260 0.0736979 0.327315 0.0317708 0.125
person 0.270 0.841406 0.0587963 0.0255208 0.0805556
person 0.280 0.863021 0.0194444 0.0197917 0.0388889
person 0.290 0.126042 0.287963 0.0354167 0.155556
bicycle 0.311 0.822396 0.0532407 0.0333333 0.102778
suitcase 0.3828 0.681771 0.665278 0.0635417 0.160185
potted plant 0.4058 0.341146 0.125 0.0447917 0.107407
person 0.400 0.57526 0.0421296 0.0203125 0.0842593
person 0.510 0.822656 0.0518519 0.0328125 0.103704
person 0.530 0.5625 0.0856481 0.0302083 0.137963
person 0.530 0.303646 0.218519 0.0395833 0.131481
bicycle 0.541 0.836979 0.0643518 0.028125 0.0768519
person 0.540 0.545052 0.0740741 0.0213542 0.122222
bicycle 0.591 0.320052 0.777778 0.0796875 0.198148
bicycle 0.671 0.496875 0.770833 0.0385417 0.132407
person 0.690 0.54974 0.20463 0.0255208 0.140741
person 0.700 0.878906 0.109259 0.0307292 0.135185
person 0.710 0.296875 0.714815 0.0708333 0.259259
person 0.750 0.865104 0.913889 0.075 0.17037
person 0.790 0.93776 0.515278 0.0536458 0.232407
person 0.810 0.517448 0.196759 0.0328125 0.15463
person 0.830 0.522917 0.714352 0.065625 0.215741
