person 0.260 0.0708333 0.327778 0.0260417 0.12963
backpack 0.2824 0.741927 0.0541667 0.0276042 0.100926
person 0.360 0.125781 0.287963 0.0317708 0.146296
suitcase 0.4228 0.681771 0.665278 0.0625 0.158333
person 0.490 0.0299479 0.332407 0.0328125 0.144444
person 0.520 0.625 0.0203704 0.01875 0.0407407
person 0.590 0.491667 0.0847222 0.0208333 0.106481
person 0.620 0.741667 0.0560185 0.028125 0.10463
bicycle 0.631 0.68125 0.40463 0.0270833 0.1
person 0.750 0.663542 0.0615741 0.0270833 0.113889
person 0.780 0.692708 0.369444 0.046875 0.166667
person 0.790 0.1 0.403704 0.0458333 0.185185
person 0.810 0.35625 0.196759 0.025 0.121296
person 0.820 0.695573 0.0611111 0.0213542 0.118519
person 0.880 0.808073 0.836574 0.0578125 0.258333
person 0.890 0.240625 0.372685 0.04375 0.186111
