person 0.270 0.0695312 0.309722 0.0244792 0.087963
person 0.290 0.125781 0.288426 0.0328125 0.149074
person 0.380 0.0294271 0.332407 0.0338542 0.142593
person 0.410 0.703646 0.0138889 0.0125 0.0277778
potted plant 0.4258 0.34375 0.125926 0.0427083 0.105556
car 0.442 0.368229 0.303704 0.107292 0.155556
person 0.480 0.46276 0.261111 0.0640625 0.162963
bicycle 0.491 0.401823 0.953704 0.0401042 0.0925926
person 0.550 0.508333 0.126852 0.025 0.133333
suitcase 0.5628 0.68151 0.665278 0.0630208 0.158333
person 0.610 0.922135 0.699074 0.0348958 0.148148
person 0.630 0.790625 0.0726852 0.04375 0.141667
bicycle 0.691 0.428906 0.601852 0.0848958 0.159259
person 0.720 0.0325521 0.953241 0.0578125 0.0935185
person 0.740 0.548177 0.0486111 0.0265625 0.0972222
person 0.760 0.594792 0.0449074 0.0208333 0.0898148
person 0.770 0.430469 0.896296 0.0734375 0.201852
person 0.770 0.0765625 0.425926 0.0364583 0.174074
person 0.770 0.416927 0.547685 0.0598958 0.219444
person 0.800 0.226302 0.26713 0.0369792 0.158333
person 0.810 0.440885 0.255093 0.0348958 0.160185
person 0.830 0.873958 0.155556 0.034375 0.144444
person 0.850 0.48125 0.262963 0.028125 0.17037
person 0.880 0.879427 0.794907 0.0619792 0.230556
