handbag 0.2726 0.86875 0.700463 0.0510417 0.115741
handbag 0.2826 0.877344 0.710648 0.0328125 0.0583333
person 0.300 0.0726563 0.324537 0.0317708 0.125
person 0.320 0.12526 0.2875 0.0307292 0.150926
person 0.350 0.176823 0.306481 0.0359375 0.172222
bicycle 0.361 0.780729 0.10463 0.05 0.148148
person 0.370 0.697135 0.0208333 0.0119792 0.0416667
suitcase 0.4328 0.68151 0.665741 0.0630208 0.159259
potted plant 0.4458 0.34349 0.125926 0.0432292 0.107407
person 0.460 0.025 0.331019 0.04375 0.147222
bicycle 0.521 0.792708 0.134722 0.0260417 0.0916667
bicycle 0.581 0.721094 0.0990741 0.0255208 0.0666667
person 0.610 0.722396 0.0652778 0.0291667 0.115741
person 0.620 0.78099 0.102315 0.0484375 0.147222
bicycle 0.641 0.48776 0.523148 0.0755208 0.157407
person 0.650 0.365625 0.959722 0.075 0.0805556
person 0.670 0.611719 0.0351852 0.0192708 0.0703704
person 0.680 0.47526 0.472222 0.0536458 0.211111
person 0.700 0.528906 0.0592593 0.0286458 0.116667
person 0.700 0.163802 0.337963 0.0515625 0.233333
person 0.730 0.476302 0.139815 0.0286458 0.144444
person 0.730 0.860677 0.928241 0.0817708 0.143519
person 0.740 0.396354 0.293519 0.0416667 0.172222
person 0.770 0.957292 0.239815 0.0385417 0.15
person 0.770 0.87526 0.185648 0.0348958 0.149074
person 0.830 0.863802 0.684722 0.0619792 0.228704
person 0.840 0.147656 0.869907 0.0557292 0.25463
person 0.850 0.43724 0.306019 0.0328125 0.169444
