person 0.270 0.0299479 0.33287 0.0328125 0.141667
person 0.270 0.197135 0.214352 0.0296875 0.139815
potted plant 0.2858 0.339583 0.125926 0.040625 0.107407
car 0.292 0.367188 0.305556 0.107292 0.161111
person 0.360 0.0734375 0.327315 0.0302083 0.123148
person 0.360 0.861719 0.024537 0.0161458 0.0472222
person 0.370 0.126042 0.288889 0.0333333 0.153704
person 0.370 0.610677 0.0513889 0.0234375 0.102778
person 0.380 0.609635 0.133333 0.0442708 0.131481
person 0.470 0.850521 0.0291667 0.0291667 0.0564815
bicycle 0.511 0.59401 0.581944 0.0328125 0.117593
suitcase 0.5628 0.681771 0.665278 0.0635417 0.158333
person 0.710 0.898438 0.0587963 0.0291667 0.117593
person 0.720 0.802604 0.0333333 0.0260417 0.0666667
person 0.720 0.391667 0.143981 0.0302083 0.139815
person 0.780 0.484635 0.121759 0.0244792 0.117593
person 0.800 0.590104 0.128704 0.0260417 0.12963
person 0.800 0.623177 0.137963 0.0234375 0.133333
person 0.820 0.0783854 0.946296 0.0869792 0.107407
person 0.840 0.609896 0.535648 0.0572917 0.182407
person 0.840 0.889844 0.712963 0.0692708 0.27037
person 0.870 0.0796875 0.551389 0.0572917 0.210185
