bench 0.2513 0.367448 0.30463 0.107813 0.164815
person 0.270 0.0729167 0.327778 0.0322917 0.127778
suitcase 0.2928 0.367188 0.305093 0.107292 0.160185
person 0.300 0.990885 0.89537 0.0182292 0.192593
person 0.310 0.127344 0.287963 0.0317708 0.15
person 0.360 0.0309896 0.330556 0.0307292 0.140741
potted plant 0.3758 0.342708 0.125926 0.040625 0.105556
person 0.380 0.451562 0.100926 0.0270833 0.131481
suitcase 0.5128 0.682031 0.663889 0.0630208 0.159259
bicycle 0.581 0.647656 0.472222 0.0265625 0.0962963
person 0.660 0.757031 0.0444444 0.0265625 0.0888889
person 0.750 0.41901 0.158796 0.0223958 0.112037
person 0.760 0.631771 0.0837963 0.0260417 0.126852
person 0.770 0.663021 0.0916667 0.021875 0.127778
person 0.780 0.663802 0.425463 0.0505208 0.162037
person 0.790 0.0171875 0.449537 0.034375 0.213889
person 0.830 0.1875 0.450463 0.0541667 0.199074
person 0.850 0.877344 0.892593 0.0703125 0.212963
person 0.880 0.769271 0.920833 0.0635417 0.158333
