person 0.300 0.0734375 0.326852 0.0302083 0.124074
suitcase 0.3228 0.682292 0.665278 0.0635417 0.156481
person 0.340 0.623698 0.0384259 0.0286458 0.0768519
person 0.350 0.0294271 0.331944 0.0338542 0.143519
potted plant 0.3758 0.342448 0.125 0.0411458 0.107407
person 0.380 0.125781 0.288889 0.0328125 0.153704
car 0.462 0.367188 0.304167 0.107292 0.162037
person 0.470 0.854167 0.0208333 0.0291667 0.0416667
motorcycle 0.583 0.613021 0.544444 0.0416667 0.12037
surfboard 0.6337 0.864583 0.825463 0.0291667 0.163889
person 0.680 0.903906 0.0569444 0.0296875 0.113889
person 0.720 0.788021 0.0361111 0.0270833 0.0722222
person 0.730 0.408594 0.133333 0.0276042 0.133333
person 0.780 0.627865 0.499537 0.0526042 0.173148
person 0.790 0.604688 0.11713 0.03125 0.136111
person 0.800 0.634115 0.122685 0.0276042 0.134259
person 0.820 0.469531 0.135185 0.0276042 0.127778
person 0.850 0.893229 0.777315 0.0677083 0.29537
person 0.870 0.113802 0.516667 0.0536458 0.207407
