person 0.280 0.990885 0.894444 0.0182292 0.190741
person 0.310 0.857031 0.0138889 0.0244792 0.0277778
person 0.320 0.127344 0.287963 0.0317708 0.148148
person 0.330 0.0731771 0.327315 0.0317708 0.126852
car 0.342 0.367448 0.305093 0.106771 0.160185
potted plant 0.3858 0.342969 0.125926 0.0421875 0.107407
person 0.380 0.0252604 0.330093 0.0421875 0.14537
bicycle 0.411 0.642187 0.493056 0.034375 0.100926
person 0.480 0.0122396 0.468056 0.0244792 0.193519
suitcase 0.5628 0.682031 0.663889 0.0630208 0.159259
person 0.590 0.76224 0.0425926 0.0265625 0.0851852
person 0.740 0.625781 0.0935185 0.0286458 0.124074
person 0.790 0.430729 0.153704 0.0239583 0.131481
person 0.790 0.655469 0.449537 0.0515625 0.175
person 0.810 0.658854 0.100463 0.0229167 0.134259
person 0.850 0.766927 0.940278 0.0619792 0.115741
person 0.860 0.882031 0.870833 0.0651042 0.258333
person 0.880 0.170573 0.463889 0.0484375 0.198148
