person 0.260 0.441406 0.134259 0.0421875 0.135185
person 0.270 0.990885 0.89213 0.0182292 0.189815
person 0.280 0.630469 0.0398148 0.0255208 0.0796296
person 0.300 0.0734375 0.327315 0.0302083 0.125
person 0.330 0.0296875 0.331944 0.034375 0.141667
car 0.362 0.367448 0.303704 0.106771 0.162963
person 0.390 0.855208 0.0175926 0.0291667 0.0351852
potted plant 0.4058 0.342708 0.125463 0.04375 0.108333
person 0.400 0.126823 0.2875 0.0317708 0.149074
bicycle 0.561 0.623177 0.523148 0.0307292 0.105556
person 0.600 0.754948 0.971759 0.0338542 0.0490741
suitcase 0.6328 0.682031 0.664352 0.0630208 0.158333
person 0.660 0.42526 0.124074 0.0317708 0.15
person 0.730 0.614323 0.106944 0.0276042 0.125
person 0.750 0.452865 0.143056 0.0244792 0.125
person 0.760 0.77474 0.0384259 0.0296875 0.0768519
person 0.800 0.645833 0.108796 0.0229167 0.126852
person 0.820 0.888542 0.824537 0.0666667 0.286111
person 0.820 0.640885 0.472685 0.0515625 0.175
person 0.870 0.145052 0.494444 0.0526042 0.209259
