bicycle 0.261 0.672135 0.421296 0.0494792 0.15
bench 0.2613 0.367969 0.304167 0.106771 0.165741
person 0.270 0.990885 0.89537 0.0182292 0.190741
handbag 0.2826 0.761458 0.903241 0.015625 0.0490741
person 0.280 0.0734375 0.327778 0.0302083 0.125926
person 0.320 0.127344 0.287963 0.0317708 0.15
potted plant 0.3658 0.342187 0.125463 0.0395833 0.10463
suitcase 0.4928 0.682031 0.663889 0.0630208 0.159259
suitcase 0.5328 0.367708 0.303704 0.107292 0.162963
bicycle 0.531 0.6625 0.44537 0.0291667 0.103704
person 0.640 0.749219 0.0467593 0.0296875 0.0935185
person 0.640 0.464583 0.0958333 0.0229167 0.119444
person 0.680 0.675781 0.407407 0.0494792 0.164815
person 0.760 0.674479 0.0782407 0.021875 0.130556
person 0.770 0.399219 0.169907 0.0255208 0.106481
person 0.800 0.64349 0.0777778 0.0276042 0.133333
person 0.810 0.0411458 0.437037 0.04375 0.188889
person 0.830 0.85625 0.922222 0.0677083 0.151852
person 0.880 0.783854 0.892593 0.0614583 0.209259
person 0.880 0.20651 0.425926 0.0463542 0.205556
