person 0.270 0.0736979 0.327315 0.0307292 0.125
person 0.300 0.990885 0.895833 0.0182292 0.193519
car 0.302 0.367448 0.30463 0.107813 0.159259
person 0.300 0.127344 0.2875 0.0317708 0.149074
bicycle 0.381 0.657031 0.456481 0.0307292 0.116667
potted plant 0.3958 0.342448 0.125926 0.0401042 0.105556
suitcase 0.5328 0.682031 0.663889 0.0630208 0.159259
person 0.600 0.458594 0.10463 0.0244792 0.116667
person 0.680 0.410417 0.161574 0.028125 0.10463
person 0.710 0.638542 0.0865741 0.028125 0.117593
person 0.710 0.670313 0.418519 0.0489583 0.162963
person 0.720 0.753125 0.0458333 0.028125 0.0916667
person 0.800 0.669531 0.087037 0.0244792 0.122222
person 0.830 0.0278646 0.453704 0.0463542 0.188889
person 0.860 0.870313 0.904167 0.078125 0.191667
person 0.870 0.196875 0.432407 0.0458333 0.196296
person 0.880 0.776042 0.911111 0.0645833 0.177778
