handbag 0.2726 0.867188 0.698611 0.0510417 0.110185
person 0.290 0.0734375 0.326852 0.0333333 0.124074
person 0.410 0.410417 0.302778 0.0697917 0.17037
suitcase 0.4528 0.68151 0.665278 0.0630208 0.158333
person 0.450 0.0257812 0.330556 0.0432292 0.146296
potted plant 0.4658 0.344271 0.126389 0.04375 0.106481
bicycle 0.481 0.792969 0.1375 0.0234375 0.0898148
person 0.510 0.35599 0.966204 0.0734375 0.0675926
bicycle 0.601 0.714583 0.105556 0.025 0.0666667
person 0.620 0.525521 0.0592593 0.0270833 0.118519
person 0.620 0.61276 0.0342593 0.0182292 0.0685185
person 0.670 0.779688 0.102778 0.0489583 0.148148
person 0.670 0.715885 0.0694444 0.0276042 0.114815
person 0.670 0.473698 0.143981 0.0296875 0.143519
person 0.680 0.171875 0.35463 0.0447917 0.172222
person 0.720 0.390885 0.296296 0.0390625 0.172222
bicycle 0.721 0.495833 0.519444 0.0739583 0.15
person 0.720 0.857031 0.92037 0.0807292 0.155556
person 0.740 0.48151 0.455556 0.0567708 0.187037
person 0.760 0.954167 0.251389 0.0375 0.169444
person 0.770 0.875781 0.18287 0.0348958 0.158333
person 0.820 0.432552 0.306944 0.0296875 0.173148
person 0.830 0.864323 0.682407 0.0588542 0.237037
person 0.890 0.167708 0.864352 0.0697917 0.271296
