bicycle 0.261 0.484896 0.80787 0.0447917 0.136111
person 0.270 0.0731771 0.325 0.0328125 0.125926
person 0.290 0.0291667 0.331944 0.0354167 0.143519
person 0.350 0.125521 0.2875 0.034375 0.156481
suitcase 0.3928 0.68151 0.664815 0.0630208 0.159259
motorcycle 0.423 0.484896 0.80463 0.0427083 0.133333
potted plant 0.4358 0.341146 0.125926 0.0427083 0.105556
person 0.510 0.558594 0.0810185 0.0359375 0.158333
car 0.532 0.367448 0.302315 0.107813 0.167593
person 0.550 0.820052 0.0537037 0.0390625 0.107407
bicycle 0.561 0.829687 0.0680556 0.0354167 0.0861111
bicycle 0.591 0.333333 0.748148 0.0802083 0.190741
person 0.640 0.29375 0.228241 0.03125 0.123148
person 0.680 0.942448 0.499537 0.0515625 0.225
person 0.760 0.878125 0.111111 0.0291667 0.135185
person 0.770 0.53776 0.210185 0.0348958 0.148148
person 0.780 0.319792 0.687963 0.0708333 0.246296
person 0.790 0.873698 0.891204 0.0734375 0.213889
person 0.850 0.507552 0.204167 0.0359375 0.150926
person 0.870 0.507292 0.746759 0.0666667 0.221296
