car 0.272 0.36849 0.303241 0.106771 0.160185
person 0.300 0.195833 0.216204 0.0270833 0.139815
person 0.310 0.0101562 0.968518 0.0203125 0.0611111
person 0.320 0.0247396 0.331944 0.0421875 0.150926
person 0.320 0.125521 0.288426 0.0333333 0.156481
bicycle 0.411 0.796354 0.102778 0.0385417 0.0814815
potted plant 0.4158 0.34349 0.126852 0.0421875 0.103704
person 0.420 0.0736979 0.327315 0.0307292 0.126852
person 0.460 0.703646 0.0138889 0.0114583 0.0277778
suitcase 0.6028 0.681771 0.664815 0.0635417 0.159259
bicycle 0.611 0.413021 0.939815 0.0427083 0.12037
person 0.650 0.515365 0.111574 0.0307292 0.147222
bicycle 0.651 0.421615 0.618056 0.0734375 0.162037
person 0.680 0.914583 0.706019 0.0322917 0.130556
person 0.690 0.236979 0.259722 0.0364583 0.165741
person 0.690 0.552344 0.0472222 0.0265625 0.0944444
person 0.720 0.79375 0.0671296 0.0427083 0.134259
person 0.730 0.403906 0.563889 0.0630208 0.224074
person 0.760 0.0601562 0.443519 0.0484375 0.185185
person 0.760 0.590104 0.0476852 0.021875 0.0916667
person 0.770 0.876302 0.145833 0.0348958 0.14537
person 0.780 0.488802 0.258333 0.0286458 0.157407
person 0.810 0.442448 0.882407 0.0703125 0.22963
person 0.820 0.450781 0.244907 0.0348958 0.158333
person 0.830 0.885417 0.818519 0.059375 0.227778
