potted plant 0.2858 0.341406 0.116667 0.0390625 0.0925926
person 0.300 0.0723958 0.327315 0.0302083 0.126852
backpack 0.3624 0.735677 0.0513889 0.0265625 0.0898148
suitcase 0.3928 0.681771 0.665278 0.0625 0.158333
suitcase 0.4228 0.367708 0.302778 0.107292 0.164815
bicycle 0.431 0.688281 0.382407 0.0265625 0.101852
person 0.470 0.00703125 0.678241 0.0140625 0.180556
person 0.480 0.621875 0.0231481 0.0177083 0.0462963
person 0.500 0.0296875 0.332407 0.034375 0.144444
person 0.550 0.735417 0.0578704 0.0270833 0.108333
person 0.690 0.673177 0.0560185 0.0307292 0.112037
person 0.730 0.475 0.958333 0.065625 0.0833333
person 0.740 0.504167 0.0708333 0.028125 0.121296
person 0.750 0.702083 0.0574074 0.0229167 0.114815
person 0.770 0.701302 0.35 0.0463542 0.159259
person 0.770 0.33724 0.214815 0.0244792 0.131481
person 0.820 0.127865 0.387037 0.0515625 0.177778
person 0.850 0.251042 0.358333 0.0416667 0.177778
person 0.870 0.819271 0.811574 0.05625 0.265741
