person 0.260 0.0299479 0.33287 0.0328125 0.141667
person 0.270 0.861198 0.024537 0.0161458 0.0472222
person 0.270 0.197135 0.214352 0.0296875 0.139815
potted plant 0.2958 0.339844 0.125463 0.0401042 0.106481
bicycle 0.291 0.59375 0.589352 0.0354167 0.117593
car 0.312 0.367448 0.30463 0.107813 0.161111
person 0.330 0.0736979 0.327315 0.0307292 0.123148
person 0.350 0.126042 0.288889 0.0333333 0.153704
motorcycle 0.383 0.59349 0.585648 0.0348958 0.119444
person 0.480 0.608854 0.050463 0.0229167 0.100926
person 0.490 0.85026 0.0314815 0.0307292 0.0611111
suitcase 0.5528 0.681771 0.665278 0.0635417 0.158333
person 0.680 0.390625 0.143981 0.0302083 0.139815
person 0.700 0.898177 0.0592593 0.0296875 0.118519
person 0.710 0.803646 0.0328704 0.0270833 0.0657407
person 0.740 0.485677 0.120833 0.0244792 0.117593
person 0.790 0.589063 0.12963 0.0270833 0.12963
person 0.820 0.609375 0.537963 0.0572917 0.175926
person 0.820 0.621875 0.138889 0.0239583 0.133333
person 0.820 0.0877604 0.941667 0.0963542 0.116667
person 0.830 0.890104 0.709722 0.06875 0.265741
person 0.900 0.0773437 0.557407 0.0588542 0.22037
