potted plant 0.2658 0.341146 0.11713 0.040625 0.0916667
bicycle 0.281 0.701823 0.352778 0.0421875 0.157407
backpack 0.2824 0.733854 0.0587963 0.0270833 0.102778
person 0.320 0.690104 0.0560185 0.0541667 0.112037
person 0.340 0.0721354 0.325926 0.0307292 0.125926
suitcase 0.4128 0.367969 0.303241 0.106771 0.163889
person 0.500 0.619531 0.0226852 0.0182292 0.0453704
bicycle 0.531 0.689844 0.381944 0.0234375 0.0935185
person 0.530 0.0294271 0.331944 0.0348958 0.14537
suitcase 0.5328 0.681771 0.665278 0.0625 0.158333
person 0.610 0.67474 0.0537037 0.0265625 0.107407
person 0.670 0.50625 0.0657407 0.0260417 0.12037
person 0.690 0.733854 0.0615741 0.0270833 0.113889
person 0.720 0.705469 0.0569444 0.0234375 0.108333
person 0.780 0.33151 0.217593 0.0286458 0.137037
person 0.790 0.136458 0.339352 0.0520833 0.260185
person 0.810 0.704948 0.346296 0.0442708 0.159259
person 0.820 0.0213542 0.646759 0.0427083 0.219444
person 0.820 0.49349 0.940278 0.0661458 0.117593
person 0.860 0.25599 0.352315 0.0432292 0.186111
person 0.870 0.822656 0.790741 0.0578125 0.251852
