person 0.280 0.602865 0.564352 0.0380208 0.119444
person 0.320 0.0734375 0.326852 0.0302083 0.124074
person 0.330 0.859896 0.0231481 0.0177083 0.0444444
potted plant 0.3358 0.341927 0.124074 0.0401042 0.109259
surfboard 0.3337 0.86276 0.790278 0.0234375 0.143519
person 0.370 0.0291667 0.33287 0.034375 0.143519
person 0.380 0.127344 0.287037 0.0317708 0.15
car 0.392 0.367448 0.305093 0.107813 0.162037
person 0.530 0.851302 0.0259259 0.0307292 0.0518519
suitcase 0.5428 0.682031 0.665278 0.0630208 0.158333
bicycle 0.591 0.598177 0.57037 0.0286458 0.111111
person 0.620 0.398958 0.141667 0.03125 0.148148
person 0.630 0.89974 0.0574074 0.0296875 0.114815
person 0.670 0.797917 0.0319444 0.0239583 0.0638889
person 0.740 0.625 0.130556 0.025 0.12963
person 0.780 0.596094 0.125463 0.0286458 0.134259
person 0.810 0.888542 0.737963 0.06875 0.277778
person 0.820 0.05 0.959259 0.0708333 0.0814815
person 0.840 0.617188 0.524537 0.0541667 0.186111
person 0.850 0.478906 0.125463 0.0234375 0.119444
person 0.870 0.0916667 0.540741 0.0541667 0.222222
