person 0.250 0.639323 0.0333333 0.0296875 0.0666667
surfboard 0.2837 0.864323 0.909722 0.0265625 0.173148
person 0.300 0.0734375 0.326852 0.0302083 0.124074
person 0.300 0.427865 0.0898148 0.0213542 0.0888889
bicycle 0.341 0.628906 0.509259 0.0276042 0.101852
person 0.350 0.126823 0.2875 0.0317708 0.147222
person 0.360 0.0294271 0.331944 0.0338542 0.143519
person 0.360 0.855469 0.0148148 0.0265625 0.0296296
person 0.360 0.990885 0.893056 0.0182292 0.189815
potted plant 0.4058 0.340885 0.126852 0.0421875 0.105556
car 0.492 0.367448 0.302315 0.107813 0.163889
suitcase 0.6028 0.682031 0.663889 0.0630208 0.159259
person 0.690 0.76849 0.0388889 0.0276042 0.0777778
person 0.730 0.64974 0.105093 0.0265625 0.125
person 0.730 0.61875 0.0986111 0.028125 0.123148
person 0.740 0.445573 0.151852 0.0265625 0.122222
person 0.810 0.763542 0.957407 0.059375 0.0851852
person 0.810 0.648177 0.467593 0.0515625 0.175926
person 0.840 0.884115 0.85463 0.0661458 0.287037
person 0.890 0.15651 0.481481 0.0494792 0.207407
