car 0.262 0.368229 0.302778 0.10625 0.157407
person 0.330 0.125781 0.288889 0.0338542 0.157407
person 0.330 0.195833 0.216204 0.0270833 0.139815
person 0.390 0.0132813 0.966204 0.0265625 0.0638889
bicycle 0.391 0.796354 0.103704 0.0375 0.0814815
potted plant 0.4158 0.34349 0.125926 0.0421875 0.103704
person 0.430 0.0736979 0.326852 0.0307292 0.124074
person 0.450 0.703385 0.012963 0.0109375 0.0259259
person 0.450 0.0255208 0.331481 0.0427083 0.15
bicycle 0.611 0.411719 0.941667 0.0421875 0.116667
suitcase 0.6228 0.681771 0.664815 0.0635417 0.159259
person 0.690 0.551562 0.0472222 0.0270833 0.0944444
person 0.690 0.916146 0.706944 0.03125 0.134259
person 0.700 0.514583 0.112037 0.03125 0.148148
person 0.710 0.235156 0.260185 0.0369792 0.164815
person 0.730 0.79375 0.0671296 0.040625 0.134259
person 0.740 0.406771 0.559259 0.0614583 0.216667
bicycle 0.751 0.422917 0.616204 0.0760417 0.163889
person 0.770 0.590625 0.0472222 0.0229167 0.0907407
person 0.770 0.0625 0.44213 0.0458333 0.184259
person 0.790 0.875781 0.148611 0.0338542 0.143519
person 0.810 0.486979 0.259722 0.0270833 0.158333
person 0.840 0.439583 0.883796 0.075 0.225
person 0.840 0.884896 0.811111 0.0604167 0.222222
person 0.850 0.449479 0.246759 0.0364583 0.156481
