person 0.300 0.196875 0.216204 0.0291667 0.143519
person 0.320 0.0736979 0.327778 0.0307292 0.124074
bicycle 0.321 0.797656 0.0657407 0.0432292 0.131481
car 0.352 0.367708 0.304167 0.10625 0.158333
person 0.350 0.705469 0.012037 0.0109375 0.0240741
potted plant 0.4058 0.343229 0.126389 0.0427083 0.10463
person 0.410 0.125521 0.2875 0.034375 0.158333
bicycle 0.411 0.808073 0.0925926 0.0265625 0.0777778
suitcase 0.5028 0.68151 0.664815 0.0630208 0.159259
person 0.520 0.558854 0.0449074 0.0270833 0.0898148
motorcycle 0.553 0.429948 0.918056 0.0421875 0.15463
person 0.570 0.797396 0.0648148 0.0427083 0.12963
person 0.610 0.527083 0.1125 0.0302083 0.132407
person 0.630 0.249479 0.249537 0.0333333 0.15463
person 0.670 0.903125 0.733796 0.04375 0.112037
person 0.670 0.585417 0.0513889 0.0208333 0.0972222
person 0.710 0.884635 0.846759 0.0609375 0.210185
bicycle 0.721 0.401823 0.644444 0.0796875 0.17037
person 0.740 0.0309896 0.458333 0.0411458 0.174074
person 0.800 0.38724 0.576389 0.0661458 0.202778
person 0.800 0.498958 0.243056 0.0302083 0.152778
person 0.810 0.87526 0.139815 0.0328125 0.146296
person 0.850 0.464323 0.234722 0.0369792 0.162037
person 0.870 0.457552 0.853704 0.0703125 0.237037
