car 0.292 0.36849 0.303704 0.106771 0.162963
person 0.320 0.85599 0.0143519 0.0255208 0.0287037
person 0.320 0.0734375 0.326852 0.0302083 0.125926
person 0.340 0.127344 0.287963 0.0317708 0.148148
person 0.340 0.432813 0.0768519 0.0229167 0.0759259
person 0.360 0.990885 0.893519 0.0182292 0.190741
potted plant 0.3958 0.340365 0.126852 0.0421875 0.105556
person 0.390 0.0291667 0.331944 0.034375 0.143519
person 0.490 0.764844 0.0407407 0.0244792 0.0814815
suitcase 0.5728 0.682031 0.664352 0.0630208 0.158333
person 0.750 0.621875 0.101389 0.0291667 0.130556
person 0.760 0.652604 0.104167 0.025 0.121296
person 0.780 0.651823 0.456019 0.0494792 0.176852
person 0.800 0.440885 0.155093 0.0296875 0.126852
person 0.830 0.767187 0.950463 0.0614583 0.0990741
person 0.850 0.882812 0.863426 0.065625 0.273148
person 0.860 0.161719 0.480093 0.0494792 0.210185
