person 0.270 0.125781 0.2875 0.0328125 0.147222
person 0.300 0.196094 0.216204 0.0276042 0.14537
person 0.320 0.0690104 0.318519 0.0223958 0.112963
bicycle 0.391 0.803646 0.111574 0.0177083 0.075
person 0.410 0.0294271 0.33287 0.0338542 0.143519
bicycle 0.411 0.398698 0.959259 0.0380208 0.0814815
potted plant 0.4158 0.34375 0.125926 0.0427083 0.105556
person 0.470 0.703125 0.0143519 0.0114583 0.0287037
car 0.472 0.367969 0.303704 0.106771 0.155556
suitcase 0.5228 0.68151 0.665278 0.0630208 0.158333
person 0.560 0.925 0.691667 0.040625 0.159259
person 0.610 0.789583 0.0763889 0.04375 0.14537
person 0.690 0.506771 0.123148 0.0291667 0.140741
person 0.700 0.223177 0.270833 0.0401042 0.162037
bicycle 0.711 0.434896 0.594907 0.0802083 0.165741
person 0.720 0.547135 0.049537 0.0255208 0.0990741
person 0.730 0.423438 0.534259 0.0604167 0.211111
person 0.750 0.427344 0.901852 0.0692708 0.196296
person 0.750 0.0421875 0.942593 0.0572917 0.111111
person 0.760 0.597396 0.0444444 0.0197917 0.0888889
person 0.770 0.0817708 0.424074 0.0364583 0.17963
person 0.810 0.436979 0.257407 0.034375 0.159259
person 0.840 0.873698 0.158796 0.0328125 0.143519
person 0.840 0.477865 0.268981 0.0307292 0.162037
person 0.870 0.877604 0.788426 0.0645833 0.243519
