person 0.310 0.0734375 0.326852 0.0302083 0.124074
person 0.340 0.61875 0.0490741 0.028125 0.0981481
surfboard 0.3537 0.8625 0.798148 0.0260417 0.151852
potted plant 0.3558 0.342187 0.125 0.040625 0.109259
person 0.360 0.127083 0.287037 0.0322917 0.15
person 0.360 0.0291667 0.33287 0.034375 0.143519
car 0.472 0.367448 0.305093 0.107813 0.162037
suitcase 0.4728 0.682031 0.665278 0.0630208 0.158333
person 0.480 0.854167 0.0240741 0.028125 0.0481481
person 0.550 0.4 0.138889 0.0302083 0.138889
bicycle 0.561 0.598958 0.568519 0.028125 0.107407
person 0.590 0.89974 0.0564815 0.0276042 0.112963
person 0.650 0.797135 0.0324074 0.0244792 0.0648148
person 0.750 0.62526 0.128241 0.0255208 0.130556
person 0.790 0.596354 0.124074 0.0291667 0.133333
person 0.810 0.0442708 0.960185 0.0645833 0.0777778
person 0.830 0.888802 0.74537 0.0692708 0.27963
person 0.830 0.61849 0.522222 0.0536458 0.185185
person 0.840 0.477604 0.126389 0.0239583 0.121296
person 0.850 0.0947917 0.540741 0.0541667 0.224074
