person 0.250 0.0736979 0.327315 0.0317708 0.125
car 0.262 0.368229 0.302315 0.107292 0.169444
person 0.260 0.125781 0.288426 0.0348958 0.15463
bicycle 0.271 0.824479 0.0560185 0.0270833 0.087963
person 0.270 0.84401 0.0550926 0.0255208 0.0861111
person 0.300 0.0289063 0.332407 0.0359375 0.144444
potted plant 0.3358 0.341146 0.122685 0.0427083 0.102778
suitcase 0.4528 0.681771 0.664815 0.0635417 0.159259
person 0.490 0.827344 0.0486111 0.0348958 0.0972222
bicycle 0.501 0.842188 0.0615741 0.025 0.0768519
bicycle 0.561 0.298958 0.802315 0.0833333 0.197222
person 0.580 0.564844 0.0842593 0.0276042 0.127778
bicycle 0.601 0.503906 0.758333 0.0348958 0.125926
person 0.600 0.540625 0.0782407 0.021875 0.113889
person 0.600 0.314323 0.2 0.0317708 0.148148
person 0.660 0.859635 0.921759 0.0703125 0.156481
person 0.740 0.523958 0.19213 0.0333333 0.152778
person 0.760 0.880469 0.100926 0.0296875 0.133333
person 0.770 0.285417 0.735185 0.071875 0.261111
person 0.770 0.555469 0.197222 0.0265625 0.146296
person 0.830 0.93151 0.530556 0.0557292 0.233333
person 0.880 0.53151 0.706019 0.0630208 0.221296
