person 0.260 0.0726563 0.324537 0.0328125 0.125
person 0.280 0.867188 0.0189815 0.0145833 0.037963
person 0.300 0.0289063 0.331944 0.0359375 0.143519
person 0.320 0.12526 0.287963 0.0348958 0.155556
suitcase 0.3728 0.68151 0.665278 0.0630208 0.158333
car 0.412 0.367448 0.302778 0.107813 0.164815
person 0.420 0.575 0.0398148 0.0239583 0.0796296
potted plant 0.4258 0.341406 0.125463 0.0432292 0.108333
bicycle 0.471 0.488802 0.79537 0.0432292 0.137037
person 0.530 0.819792 0.0555556 0.0375 0.111111
bicycle 0.601 0.833594 0.0666667 0.0296875 0.0833333
person 0.610 0.557292 0.0847222 0.0333333 0.15463
bicycle 0.661 0.332812 0.753241 0.0822917 0.197222
person 0.740 0.879167 0.110648 0.0291667 0.137963
person 0.760 0.315365 0.675463 0.0723958 0.210185
person 0.770 0.869271 0.895833 0.06875 0.206481
person 0.790 0.941667 0.501389 0.053125 0.223148
person 0.820 0.510417 0.743981 0.0666667 0.225
person 0.830 0.509635 0.2 0.0328125 0.148148
person 0.830 0.542188 0.209259 0.0260417 0.146296
