person 0.290 0.0734375 0.326852 0.0302083 0.124074
person 0.350 0.0296875 0.332407 0.034375 0.142593
person 0.350 0.126823 0.287037 0.0317708 0.15
potted plant 0.3758 0.342708 0.125 0.0427083 0.107407
person 0.410 0.62526 0.0398148 0.0307292 0.0796296
car 0.432 0.367448 0.30463 0.107813 0.161111
person 0.490 0.852604 0.0203704 0.0270833 0.0407407
motorcycle 0.533 0.616406 0.539815 0.0401042 0.112963
suitcase 0.5728 0.682292 0.664815 0.0635417 0.157407
surfboard 0.6237 0.866146 0.843982 0.0291667 0.171296
person 0.680 0.904427 0.0560185 0.0307292 0.112037
person 0.700 0.785417 0.0351852 0.0260417 0.0703704
person 0.740 0.638021 0.118981 0.0229167 0.132407
person 0.770 0.411979 0.132407 0.0270833 0.12963
person 0.770 0.606771 0.113889 0.0291667 0.137037
person 0.810 0.630208 0.495833 0.053125 0.176852
person 0.820 0.464583 0.136574 0.0239583 0.123148
person 0.820 0.892969 0.787037 0.0682292 0.285185
person 0.880 0.120312 0.512963 0.053125 0.212963
