person 0.260 0.8625 0.0263889 0.0135417 0.0490741
person 0.270 0.0286458 0.332407 0.034375 0.142593
person 0.270 0.197396 0.214815 0.0302083 0.140741
person 0.270 0.857031 0.0310185 0.0223958 0.0601852
potted plant 0.3258 0.340104 0.125 0.040625 0.107407
bicycle 0.341 0.586458 0.601389 0.0333333 0.117593
person 0.350 0.0734375 0.327315 0.0302083 0.123148
person 0.380 0.125781 0.288889 0.0338542 0.153704
car 0.402 0.367448 0.302778 0.108854 0.164815
person 0.460 0.605729 0.05 0.0239583 0.1
person 0.460 0.846875 0.0361111 0.0208333 0.062963
suitcase 0.6028 0.681771 0.665278 0.0635417 0.158333
person 0.690 0.807813 0.0314815 0.0239583 0.0611111
person 0.700 0.382552 0.151852 0.0296875 0.135185
person 0.740 0.896354 0.0625 0.0291667 0.125
person 0.790 0.583854 0.136111 0.03125 0.135185
person 0.800 0.615104 0.143519 0.025 0.135185
person 0.810 0.894271 0.694444 0.06875 0.257407
person 0.820 0.11224 0.920833 0.0869792 0.156481
person 0.820 0.492188 0.11713 0.0239583 0.117593
person 0.820 0.603646 0.552315 0.05625 0.187963
person 0.880 0.065625 0.572222 0.0708333 0.22963
