person 0.300 0.12474 0.283796 0.0338542 0.143519
bicycle 0.301 0.803125 0.11713 0.0145833 0.075
bicycle 0.341 0.757292 0.0546296 0.0239583 0.0796296
bicycle 0.371 0.788281 0.0842593 0.0432292 0.144444
person 0.380 0.0291667 0.332407 0.034375 0.142593
potted plant 0.4058 0.34401 0.125926 0.0421875 0.103704
person 0.410 0.701302 0.0166667 0.0130208 0.0333333
person 0.480 0.932552 0.656944 0.0369792 0.123148
suitcase 0.4928 0.68151 0.665278 0.0630208 0.158333
person 0.530 0.757812 0.0462963 0.025 0.0925926
person 0.580 0.499479 0.131481 0.0302083 0.133333
person 0.640 0.78776 0.0837963 0.0432292 0.14537
person 0.720 0.439844 0.514815 0.0619792 0.2
person 0.720 0.204948 0.268056 0.0421875 0.186111
bicycle 0.731 0.453125 0.573611 0.078125 0.15463
person 0.760 0.542708 0.0523148 0.0270833 0.10463
person 0.770 0.602344 0.0421296 0.0223958 0.0842593
person 0.790 0.424219 0.271296 0.0380208 0.162963
person 0.800 0.0807292 0.924074 0.059375 0.15
person 0.810 0.108854 0.4 0.0354167 0.174074
person 0.820 0.87474 0.770833 0.0671875 0.265741
person 0.830 0.464844 0.275926 0.0296875 0.161111
person 0.830 0.409115 0.91713 0.0744792 0.162037
person 0.840 0.872917 0.162963 0.0322917 0.144444
