person 0.310 0.0736979 0.326389 0.0307292 0.121296
bicycle 0.331 0.796354 0.126852 0.0229167 0.0796296
person 0.330 0.127865 0.310185 0.0348958 0.209259
person 0.350 0.697396 0.0185185 0.0135417 0.037037
handbag 0.3626 0.878906 0.740741 0.0359375 0.0666667
person 0.390 0.0291667 0.331944 0.0354167 0.143519
potted plant 0.4058 0.34349 0.125 0.0421875 0.105556
bicycle 0.401 0.736198 0.0837963 0.0234375 0.0657407
bicycle 0.411 0.784896 0.0953704 0.0416667 0.138889
suitcase 0.4528 0.681771 0.665278 0.0625 0.158333
person 0.460 0.140104 0.361574 0.0375 0.200926
person 0.480 0.94349 0.622222 0.0369792 0.12037
person 0.530 0.73724 0.050463 0.0265625 0.100926
bicycle 0.601 0.475781 0.541204 0.0765625 0.156481
person 0.620 0.188021 0.288426 0.0364583 0.189815
person 0.670 0.961719 0.235648 0.0411458 0.15463
person 0.690 0.783594 0.0921296 0.0390625 0.139815
person 0.720 0.607031 0.0375 0.0213542 0.075
person 0.770 0.535156 0.0564815 0.0276042 0.112963
person 0.790 0.865625 0.716204 0.0645833 0.236111
person 0.800 0.483854 0.135648 0.0322917 0.149074
person 0.800 0.459896 0.488889 0.0552083 0.205556
person 0.820 0.125781 0.891204 0.0546875 0.210185
person 0.830 0.874479 0.175463 0.0354167 0.15463
person 0.830 0.449479 0.292593 0.0291667 0.166667
person 0.850 0.385156 0.94213 0.0765625 0.113889
person 0.850 0.407031 0.283333 0.0401042 0.174074
