person 0.290 0.0739583 0.326852 0.03125 0.124074
person 0.300 0.35651 0.170833 0.0296875 0.141667
person 0.350 0.125781 0.288426 0.0348958 0.15463
person 0.370 0.0268229 0.332407 0.0411458 0.144444
person 0.370 0.841667 0.0388889 0.0291667 0.0685185
suitcase 0.4528 0.366927 0.303704 0.107813 0.164815
person 0.460 0.83151 0.0333333 0.0244792 0.0666667
person 0.480 0.857292 0.037963 0.0177083 0.0740741
bicycle 0.491 0.55625 0.654167 0.0322917 0.132407
person 0.540 0.590625 0.0611111 0.0260417 0.112963
suitcase 0.5528 0.681771 0.664815 0.0635417 0.159259
bicycle 0.651 0.217969 0.916204 0.0994792 0.160185
person 0.740 0.889583 0.0773148 0.0291667 0.130556
person 0.760 0.0164062 0.621296 0.0328125 0.22037
person 0.760 0.510156 0.0990741 0.0234375 0.118519
person 0.790 0.578385 0.606481 0.0598958 0.2
person 0.830 0.596615 0.163426 0.0244792 0.137963
person 0.840 0.184896 0.871759 0.078125 0.25463
person 0.840 0.901823 0.617593 0.0619792 0.246296
person 0.860 0.561719 0.156019 0.0296875 0.143519
