potted plant 0.2858 0.340885 0.120833 0.0411458 0.0972222
person 0.290 0.126042 0.288426 0.034375 0.15463
person 0.310 0.845312 0.0513889 0.0260417 0.0916667
person 0.310 0.0289063 0.331944 0.0359375 0.143519
suitcase 0.3328 0.367188 0.302315 0.108333 0.163889
person 0.450 0.828385 0.0481481 0.0369792 0.0962963
person 0.470 0.315885 0.203704 0.0296875 0.137037
suitcase 0.5028 0.681771 0.664815 0.0635417 0.159259
bicycle 0.521 0.842708 0.0587963 0.025 0.0805556
person 0.560 0.565885 0.0810185 0.0265625 0.123148
bicycle 0.581 0.289062 0.816204 0.0541667 0.189815
person 0.620 0.539844 0.0773148 0.0203125 0.112037
bicycle 0.681 0.508333 0.75 0.034375 0.12963
person 0.720 0.854688 0.929167 0.065625 0.139815
person 0.730 0.526823 0.188426 0.0328125 0.14537
person 0.760 0.88125 0.0990741 0.0302083 0.133333
person 0.780 0.557552 0.190741 0.0276042 0.142593
person 0.790 0.28151 0.739815 0.0734375 0.259259
person 0.830 0.928906 0.53287 0.0567708 0.230556
person 0.840 0.535156 0.698148 0.0630208 0.214815
