car 0.252 0.36875 0.303241 0.10625 0.163889
suitcase 0.2628 0.367708 0.303241 0.107292 0.162037
person 0.280 0.561458 0.0388889 0.0197917 0.0703704
person 0.280 0.0739583 0.327315 0.0322917 0.125
person 0.300 0.87526 0.0185185 0.0192708 0.037037
person 0.330 0.829687 0.0699074 0.0302083 0.0787037
person 0.330 0.0289063 0.331944 0.0359375 0.14537
suitcase 0.3428 0.945573 0.485648 0.0505208 0.213889
bicycle 0.351 0.819271 0.062963 0.0510417 0.103704
person 0.350 0.570573 0.037037 0.0213542 0.0740741
person 0.380 0.12474 0.2875 0.0348958 0.156481
person 0.420 0.944271 0.486574 0.0489583 0.215741
suitcase 0.4328 0.681771 0.665278 0.0635417 0.160185
motorcycle 0.433 0.473177 0.82037 0.0390625 0.140741
potted plant 0.4358 0.341406 0.125 0.0432292 0.105556
bicycle 0.441 0.473698 0.822685 0.0380208 0.143519
person 0.500 0.551562 0.0981481 0.0322917 0.146296
bicycle 0.571 0.347917 0.725926 0.08125 0.190741
bicycle 0.581 0.829167 0.0722222 0.0302083 0.0777778
person 0.650 0.809896 0.0555556 0.0364583 0.111111
person 0.670 0.28724 0.231019 0.0338542 0.141667
person 0.750 0.332552 0.662963 0.0692708 0.233333
person 0.770 0.53125 0.215278 0.0333333 0.150926
person 0.780 0.5 0.20787 0.03125 0.152778
person 0.800 0.879167 0.119907 0.03125 0.141667
person 0.810 0.5 0.760185 0.065625 0.214815
person 0.820 0.87526 0.884722 0.0713542 0.228704
