person 0.260 0.619531 0.0546296 0.0276042 0.109259
person 0.320 0.0734375 0.327315 0.0302083 0.123148
person 0.340 0.0294271 0.332407 0.0338542 0.142593
potted plant 0.3558 0.342187 0.125 0.040625 0.109259
person 0.350 0.127344 0.287037 0.0317708 0.15
person 0.390 0.848437 0.0236111 0.0208333 0.0453704
suitcase 0.4428 0.682031 0.665278 0.0630208 0.158333
person 0.460 0.856771 0.0222222 0.0239583 0.0444444
car 0.482 0.367448 0.305093 0.107813 0.162037
surfboard 0.4937 0.863021 0.80463 0.0260417 0.15
bicycle 0.501 0.599479 0.56713 0.0270833 0.102778
person 0.590 0.900781 0.0574074 0.0296875 0.114815
person 0.610 0.796875 0.0324074 0.0239583 0.0648148
person 0.650 0.4 0.136574 0.0291667 0.139815
person 0.740 0.0364583 0.962963 0.0552083 0.0740741
person 0.770 0.626042 0.127778 0.0260417 0.133333
person 0.770 0.597396 0.122685 0.028125 0.132407
person 0.810 0.619271 0.520833 0.053125 0.184259
person 0.830 0.477083 0.128704 0.025 0.124074
person 0.830 0.0981771 0.539815 0.0557292 0.222222
person 0.850 0.888802 0.751389 0.0692708 0.282407
