person 0.270 0.0734375 0.326852 0.0302083 0.125926
person 0.280 0.634375 0.0365741 0.0239583 0.0731481
person 0.300 0.0299479 0.332407 0.0338542 0.142593
person 0.300 0.633333 0.108333 0.04375 0.127778
person 0.320 0.990885 0.89213 0.0182292 0.187963
car 0.352 0.367448 0.303704 0.106771 0.162963
person 0.380 0.863281 0.0171296 0.0151042 0.0342593
person 0.380 0.127083 0.287037 0.03125 0.148148
potted plant 0.4158 0.342708 0.125926 0.0447917 0.107407
person 0.430 0.855208 0.0171296 0.0291667 0.0342593
bicycle 0.491 0.623438 0.515741 0.0260417 0.0962963
surfboard 0.5737 0.864323 0.894907 0.0244792 0.169444
suitcase 0.5828 0.682031 0.664352 0.0630208 0.158333
person 0.640 0.446354 0.138889 0.0260417 0.135185
person 0.670 0.42526 0.123148 0.0307292 0.148148
person 0.720 0.757552 0.969907 0.0453125 0.0601852
person 0.750 0.616406 0.106019 0.0276042 0.130556
person 0.770 0.772656 0.0384259 0.0296875 0.0768519
person 0.770 0.646875 0.107407 0.0229167 0.12963
person 0.820 0.88776 0.828241 0.0671875 0.280556
person 0.830 0.642969 0.471759 0.0515625 0.175
person 0.850 0.148177 0.485185 0.0505208 0.203704
