potted plant 0.2858 0.341146 0.117593 0.040625 0.0944444
person 0.320 0.0723958 0.326852 0.0302083 0.125926
person 0.380 0.688802 0.0569444 0.0505208 0.113889
backpack 0.3924 0.734896 0.0550926 0.0260417 0.0972222
bicycle 0.401 0.68776 0.380093 0.0255208 0.100926
suitcase 0.4428 0.681771 0.665278 0.0625 0.158333
suitcase 0.4628 0.367448 0.302778 0.107813 0.164815
person 0.490 0.620833 0.0231481 0.01875 0.0462963
person 0.520 0.0296875 0.331944 0.034375 0.14537
person 0.530 0.00911458 0.67037 0.0182292 0.194444
person 0.620 0.734896 0.0606481 0.0270833 0.112037
person 0.680 0.673437 0.0560185 0.0291667 0.112037
person 0.730 0.702604 0.0574074 0.0229167 0.112963
person 0.740 0.504427 0.0699074 0.0276042 0.119444
person 0.760 0.701823 0.349537 0.0463542 0.156481
person 0.780 0.133333 0.38287 0.0541667 0.184259
person 0.790 0.334635 0.210185 0.0265625 0.131481
person 0.790 0.479167 0.953704 0.06875 0.0925926
person 0.850 0.819792 0.803704 0.05625 0.257407
person 0.850 0.252604 0.356944 0.0427083 0.178704
