person 0.250 0.990885 0.894907 0.0182292 0.191667
person 0.250 0.0705729 0.30787 0.0286458 0.0898148
potted plant 0.2758 0.341146 0.125926 0.040625 0.103704
person 0.270 0.00546875 0.350463 0.0109375 0.106481
bench 0.3013 0.367448 0.303704 0.107813 0.168519
person 0.330 0.126563 0.287037 0.028125 0.142593
person 0.360 0.627344 0.0175926 0.0161458 0.0351852
suitcase 0.4528 0.68151 0.664815 0.0630208 0.159259
person 0.500 0.0299479 0.332407 0.0328125 0.142593
person 0.550 0.479948 0.0796296 0.0213542 0.127778
bicycle 0.551 0.671094 0.420833 0.0182292 0.0935185
person 0.660 0.744792 0.0509259 0.028125 0.101852
person 0.720 0.373437 0.188889 0.025 0.116667
person 0.790 0.686198 0.381019 0.0463542 0.156481
person 0.800 0.653646 0.0652778 0.0260417 0.117593
person 0.810 0.685677 0.0689815 0.0244792 0.123148
person 0.820 0.839844 0.959722 0.0671875 0.0787037
person 0.820 0.0776042 0.414815 0.0416667 0.185185
person 0.840 0.227604 0.397685 0.0479167 0.193519
person 0.890 0.793229 0.868981 0.0614583 0.256481
