person 0.250 0.638802 0.0342593 0.0286458 0.0685185
person 0.280 0.0734375 0.326852 0.0302083 0.125926
person 0.340 0.990885 0.891667 0.0182292 0.187037
person 0.350 0.0294271 0.331944 0.0338542 0.143519
person 0.370 0.855729 0.0148148 0.0270833 0.0296296
person 0.390 0.126823 0.2875 0.0317708 0.149074
potted plant 0.4158 0.340625 0.126389 0.04375 0.108333
person 0.420 0.426823 0.122685 0.0255208 0.14537
car 0.442 0.367448 0.302778 0.107813 0.162963
surfboard 0.4437 0.864323 0.906944 0.0255208 0.175
bicycle 0.441 0.627344 0.512037 0.0265625 0.0981481
suitcase 0.5628 0.682031 0.664352 0.0630208 0.158333
person 0.670 0.445833 0.145833 0.025 0.136111
person 0.720 0.769531 0.0388889 0.0286458 0.0777778
person 0.720 0.648698 0.105556 0.0244792 0.124074
person 0.750 0.618229 0.102778 0.028125 0.125926
person 0.780 0.76224 0.960185 0.0557292 0.0796296
person 0.800 0.647396 0.469907 0.05 0.178704
person 0.830 0.884635 0.849074 0.0671875 0.292593
person 0.880 0.154167 0.482407 0.0489583 0.203704
