person 0.270 0.197135 0.216204 0.0286458 0.143519
person 0.310 0.0736979 0.327778 0.0307292 0.125926
person 0.310 0.125781 0.287963 0.0338542 0.157407
suitcase 0.3528 0.954948 0.422685 0.0421875 0.210185
car 0.352 0.367969 0.303704 0.105729 0.157407
person 0.400 0.705208 0.0134259 0.0114583 0.0268519
bicycle 0.421 0.809635 0.0935185 0.0192708 0.0759259
potted plant 0.4258 0.34349 0.126389 0.0421875 0.10463
suitcase 0.5428 0.68151 0.664815 0.0630208 0.159259
person 0.590 0.907812 0.718518 0.0416667 0.109259
bicycle 0.621 0.422396 0.928704 0.0385417 0.140741
person 0.640 0.557031 0.0462963 0.0255208 0.0925926
person 0.680 0.521875 0.112963 0.0322917 0.137037
person 0.710 0.5875 0.05 0.0208333 0.0981481
bicycle 0.731 0.408594 0.633333 0.0776042 0.166667
person 0.730 0.795833 0.0680556 0.0427083 0.134259
person 0.740 0.885417 0.835648 0.0604167 0.212037
person 0.760 0.39375 0.569907 0.065625 0.215741
person 0.760 0.876562 0.144907 0.034375 0.14537
person 0.770 0.040625 0.45 0.0385417 0.17037
person 0.820 0.494531 0.250463 0.0265625 0.156481
person 0.820 0.24375 0.256944 0.0354167 0.160185
person 0.830 0.453125 0.871759 0.0666667 0.24537
person 0.850 0.458594 0.236111 0.0328125 0.17037
