bicycle 0.291 0.611979 0.541204 0.034375 0.113889
person 0.300 0.0734375 0.326852 0.0302083 0.124074
person 0.360 0.0294271 0.332407 0.0338542 0.142593
person 0.360 0.62474 0.0393519 0.0296875 0.0787037
car 0.362 0.367448 0.304167 0.107813 0.162037
motorcycle 0.363 0.613542 0.541204 0.0364583 0.112037
person 0.370 0.126823 0.287037 0.0317708 0.15
potted plant 0.3858 0.340625 0.125463 0.0416667 0.106481
person 0.540 0.854427 0.0203704 0.0286458 0.0407407
surfboard 0.5637 0.866146 0.838889 0.0291667 0.162963
suitcase 0.5628 0.682292 0.664815 0.0635417 0.157407
person 0.690 0.904688 0.0564815 0.03125 0.112963
person 0.730 0.786458 0.0356481 0.0260417 0.0712963
person 0.740 0.636198 0.118981 0.0265625 0.132407
person 0.760 0.60599 0.115278 0.0307292 0.132407
person 0.770 0.410156 0.134722 0.0276042 0.130556
person 0.820 0.892969 0.781944 0.0682292 0.289815
person 0.830 0.629687 0.497685 0.053125 0.178704
person 0.840 0.466406 0.136574 0.0255208 0.125
person 0.870 0.118229 0.515278 0.053125 0.213889
