person 0.290 0.0734375 0.325926 0.03125 0.122222
person 0.340 0.126042 0.287963 0.03125 0.159259
bicycle 0.341 0.79401 0.127315 0.0276042 0.0842593
person 0.370 0.697656 0.0189815 0.0140625 0.037963
potted plant 0.3858 0.34349 0.124537 0.0421875 0.106481
handbag 0.3826 0.878646 0.733796 0.0354167 0.0675926
bicycle 0.391 0.733854 0.0847222 0.025 0.0675926
person 0.410 0.0291667 0.331481 0.0354167 0.144444
person 0.420 0.183854 0.288889 0.0375 0.185185
bicycle 0.441 0.784896 0.0986111 0.0427083 0.137963
suitcase 0.5028 0.68151 0.664815 0.0630208 0.159259
person 0.580 0.14349 0.38287 0.0380208 0.158333
person 0.620 0.735417 0.0513889 0.0270833 0.0990741
bicycle 0.651 0.476042 0.540278 0.0791667 0.152778
person 0.670 0.783594 0.0925926 0.0401042 0.137037
person 0.700 0.607292 0.0361111 0.0208333 0.0722222
person 0.720 0.960938 0.236111 0.040625 0.153704
person 0.780 0.534115 0.0564815 0.0276042 0.112963
person 0.790 0.483073 0.136574 0.0328125 0.147222
person 0.810 0.865104 0.714352 0.065625 0.247222
person 0.810 0.129167 0.888426 0.05625 0.213889
person 0.820 0.461458 0.485648 0.05625 0.202778
person 0.820 0.382812 0.944907 0.0802083 0.110185
person 0.830 0.874479 0.175926 0.034375 0.153704
person 0.840 0.405469 0.283333 0.0432292 0.175926
person 0.850 0.447396 0.294907 0.0302083 0.169444
