person 0.270 0.00572917 0.348148 0.0114583 0.111111
person 0.270 0.197396 0.213889 0.0302083 0.142593
potted plant 0.2858 0.338802 0.122222 0.0359375 0.0981481
person 0.290 0.0734375 0.327315 0.0302083 0.123148
person 0.340 0.0265625 0.331481 0.0416667 0.144444
person 0.360 0.821615 0.0296296 0.0203125 0.0592593
suitcase 0.3828 0.367188 0.304167 0.108333 0.162037
person 0.380 0.858333 0.0375 0.0166667 0.0657407
person 0.390 0.126042 0.288889 0.034375 0.155556
bicycle 0.421 0.195833 0.936574 0.09375 0.125
person 0.480 0.834375 0.037037 0.03125 0.0685185
person 0.510 0.599219 0.0490741 0.0296875 0.0962963
bicycle 0.561 0.569531 0.635185 0.0401042 0.12037
suitcase 0.5928 0.681771 0.664815 0.0635417 0.159259
person 0.700 0.367708 0.156944 0.0302083 0.14537
person 0.720 0.890885 0.0694444 0.0286458 0.12963
person 0.780 0.603385 0.157407 0.0234375 0.135185
person 0.780 0.502865 0.108333 0.0213542 0.111111
person 0.790 0.56901 0.153241 0.0328125 0.141667
person 0.800 0.16224 0.882407 0.0817708 0.203704
person 0.840 0.896354 0.650926 0.0645833 0.257407
person 0.840 0.0270833 0.611111 0.053125 0.233333
person 0.860 0.586979 0.582407 0.0604167 0.187037
