bicycle 0.251 0.803385 0.114815 0.0171875 0.0740741
person 0.340 0.0296875 0.33287 0.0333333 0.141667
person 0.350 0.126042 0.285648 0.0333333 0.149074
person 0.350 0.701823 0.0162037 0.0119792 0.0324074
car 0.382 0.366667 0.305093 0.104167 0.156481
potted plant 0.4058 0.34375 0.126389 0.0427083 0.10463
person 0.450 0.764844 0.0407407 0.0255208 0.0814815
suitcase 0.4728 0.68151 0.665278 0.0630208 0.158333
person 0.500 0.928385 0.675926 0.0390625 0.15
person 0.600 0.502344 0.130556 0.0317708 0.135185
bicycle 0.611 0.447396 0.584259 0.0708333 0.161111
person 0.640 0.789844 0.0800926 0.0442708 0.14537
person 0.690 0.545573 0.0532407 0.0265625 0.106481
person 0.700 0.0596354 0.930093 0.0578125 0.139815
person 0.710 0.213802 0.264815 0.0546875 0.183333
person 0.740 0.0984375 0.40463 0.0479167 0.190741
person 0.750 0.431771 0.517593 0.0604167 0.188889
person 0.770 0.420052 0.908333 0.0692708 0.17963
person 0.770 0.6 0.0435185 0.021875 0.087037
person 0.790 0.471615 0.272685 0.0328125 0.163889
person 0.830 0.43099 0.259722 0.0359375 0.160185
person 0.850 0.876302 0.778241 0.0703125 0.25463
person 0.870 0.873177 0.160648 0.0328125 0.14537
