suitcase 0.2628 0.367188 0.302778 0.108333 0.166667
person 0.280 0.0713542 0.326389 0.0270833 0.125
person 0.320 0.12526 0.283796 0.0296875 0.134259
person 0.340 0.495833 0.074537 0.0229167 0.125
suitcase 0.4128 0.681771 0.665278 0.0625 0.158333
person 0.500 0.0296875 0.332407 0.0333333 0.142593
bicycle 0.521 0.681771 0.397685 0.0239583 0.102778
person 0.530 0.62474 0.0203704 0.0192708 0.0407407
person 0.680 0.694531 0.364352 0.0463542 0.162037
person 0.700 0.739583 0.0574074 0.0270833 0.107407
person 0.780 0.666927 0.0587963 0.0276042 0.117593
person 0.790 0.350521 0.208333 0.028125 0.135185
person 0.820 0.697135 0.0601852 0.0223958 0.118519
person 0.850 0.107552 0.396759 0.0369792 0.184259
person 0.890 0.8125 0.830093 0.0572917 0.262037
person 0.890 0.244271 0.372222 0.04375 0.188889
