potted plant 0.2658 0.340104 0.12037 0.0385417 0.0981481
person 0.270 0.0710938 0.323611 0.0276042 0.123148
person 0.270 0.495833 0.0675926 0.0270833 0.133333
suitcase 0.3028 0.367188 0.302778 0.108333 0.166667
person 0.340 0.683333 0.0601852 0.0479167 0.118519
motorcycle 0.363 0.683594 0.393056 0.0265625 0.108333
person 0.370 0.12474 0.283333 0.0296875 0.135185
suitcase 0.4228 0.681771 0.664815 0.0625 0.159259
person 0.490 0.0296875 0.332407 0.0333333 0.144444
person 0.530 0.623958 0.0208333 0.0197917 0.0416667
person 0.680 0.696354 0.359722 0.0447917 0.162037
person 0.690 0.738802 0.0583333 0.0276042 0.107407
person 0.780 0.667708 0.0592593 0.0270833 0.118519
person 0.780 0.348958 0.209259 0.03125 0.133333
person 0.810 0.697656 0.0601852 0.0223958 0.118519
person 0.850 0.110156 0.393056 0.0380208 0.180556
person 0.880 0.245573 0.371296 0.0442708 0.188889
person 0.900 0.813281 0.828704 0.0578125 0.264815
