person 0.270 0.125781 0.288426 0.0348958 0.152778
person 0.280 0.0294271 0.331944 0.0348958 0.143519
suitcase 0.3328 0.366927 0.303704 0.107813 0.162963
person 0.340 0.580469 0.0675926 0.0307292 0.109259
suitcase 0.3728 0.68151 0.664815 0.0630208 0.159259
person 0.540 0.83724 0.0439815 0.0317708 0.0824074
bicycle 0.571 0.534896 0.695833 0.0375 0.134259
person 0.580 0.855469 0.972222 0.0380208 0.0555556
bicycle 0.671 0.258073 0.878704 0.0921875 0.224074
person 0.720 0.521615 0.0907407 0.0234375 0.112963
person 0.770 0.2375 0.7875 0.075 0.230556
person 0.780 0.578385 0.178704 0.0244792 0.140741
person 0.790 0.545052 0.17037 0.0317708 0.144444
person 0.810 0.884635 0.0865741 0.0286458 0.134259
person 0.840 0.914323 0.576852 0.0619792 0.242593
person 0.850 0.557813 0.65 0.0604167 0.205556
