bicycle 0.291 0.803125 0.114815 0.0166667 0.0759259
bicycle 0.291 0.761198 0.050463 0.0203125 0.075
car 0.312 0.366146 0.30463 0.103125 0.157407
person 0.340 0.701823 0.0175926 0.0130208 0.0351852
person 0.360 0.0296875 0.332407 0.0333333 0.142593
bicycle 0.371 0.791667 0.0851852 0.0395833 0.140741
person 0.380 0.126302 0.285648 0.0328125 0.147222
potted plant 0.4058 0.34375 0.125926 0.0427083 0.105556
person 0.470 0.763021 0.0435185 0.0239583 0.0814815
suitcase 0.4828 0.68151 0.665741 0.0630208 0.159259
person 0.510 0.929688 0.673148 0.0385417 0.146296
person 0.580 0.790885 0.0814815 0.0401042 0.146296
person 0.650 0.502083 0.12963 0.0322917 0.135185
bicycle 0.701 0.449219 0.578241 0.0734375 0.158333
person 0.710 0.101562 0.40787 0.0427083 0.180556
person 0.720 0.434375 0.512037 0.0614583 0.183333
person 0.720 0.545052 0.0527778 0.0265625 0.105556
person 0.730 0.21224 0.265278 0.0536458 0.182407
person 0.750 0.600781 0.0435185 0.0213542 0.087037
person 0.790 0.0653646 0.927315 0.0588542 0.143519
person 0.800 0.418229 0.909722 0.0708333 0.175
person 0.810 0.429167 0.2625 0.0385417 0.158333
person 0.840 0.87526 0.777315 0.0703125 0.25463
person 0.850 0.46849 0.274074 0.0307292 0.164815
person 0.870 0.873177 0.161574 0.0328125 0.14537
