person 0.310 0.126302 0.288426 0.0348958 0.15463
person 0.330 0.0296875 0.331944 0.0354167 0.14537
person 0.350 0.344271 0.19213 0.0322917 0.119444
handbag 0.3726 0.54974 0.150926 0.0307292 0.103704
person 0.380 0.854427 0.0398148 0.0182292 0.0777778
person 0.420 0.583854 0.0601852 0.0291667 0.1
suitcase 0.4828 0.681771 0.664352 0.0635417 0.160185
person 0.520 0.835677 0.0412037 0.0234375 0.0768519
suitcase 0.5228 0.366667 0.304167 0.108333 0.163889
bicycle 0.641 0.541146 0.683796 0.034375 0.123148
bicycle 0.661 0.241927 0.899074 0.0963542 0.201852
person 0.740 0.51901 0.0939815 0.0234375 0.115741
person 0.760 0.551042 0.165741 0.0333333 0.142593
person 0.790 0.886719 0.0856481 0.0296875 0.130556
person 0.830 0.583854 0.171296 0.0260417 0.144444
person 0.830 0.221354 0.840278 0.078125 0.282407
person 0.840 0.911458 0.587963 0.0635417 0.248148
person 0.860 0.566667 0.636111 0.0583333 0.205556
