person 0.290 0.125781 0.288426 0.0338542 0.158333
person 0.320 0.0736979 0.326389 0.0296875 0.126852
bicycle 0.331 0.794531 0.0685185 0.0432292 0.133333
person 0.360 0.196875 0.216667 0.028125 0.146296
bicycle 0.401 0.807031 0.101389 0.0182292 0.0712963
potted plant 0.4258 0.34375 0.126389 0.0427083 0.10463
person 0.460 0.704427 0.0134259 0.0109375 0.0268519
person 0.550 0.91224 0.709722 0.0348958 0.123148
suitcase 0.5628 0.681771 0.664815 0.0635417 0.159259
bicycle 0.581 0.414323 0.619444 0.0744792 0.175926
person 0.590 0.053125 0.441204 0.0489583 0.197222
bicycle 0.631 0.417969 0.934259 0.0411458 0.131481
person 0.670 0.553385 0.0467593 0.0276042 0.0935185
person 0.720 0.516927 0.114352 0.0317708 0.14537
person 0.730 0.40026 0.571296 0.0619792 0.235185
person 0.730 0.794792 0.0671296 0.0427083 0.134259
person 0.730 0.589583 0.0486111 0.021875 0.0953704
person 0.760 0.876562 0.144907 0.034375 0.143519
person 0.790 0.885938 0.828241 0.059375 0.239815
person 0.800 0.239844 0.256944 0.0359375 0.167593
person 0.810 0.491146 0.257407 0.028125 0.159259
person 0.820 0.448698 0.878241 0.0651042 0.234259
person 0.840 0.453385 0.241667 0.0338542 0.162963
