person 0.250 0.126302 0.271759 0.0286458 0.123148
person 0.260 0.0734375 0.326389 0.0302083 0.121296
handbag 0.2826 0.882292 0.76713 0.0354167 0.0675926
person 0.400 0.0257812 0.331019 0.0421875 0.14537
bicycle 0.411 0.79974 0.119444 0.0192708 0.087037
bicycle 0.421 0.786458 0.0912037 0.04375 0.139815
potted plant 0.4258 0.343229 0.125926 0.0427083 0.105556
bicycle 0.461 0.748958 0.0550926 0.025 0.0953704
person 0.460 0.7 0.0185185 0.0135417 0.037037
person 0.470 0.972135 0.23287 0.0244792 0.158333
suitcase 0.5528 0.68151 0.664815 0.0630208 0.159259
person 0.580 0.198437 0.288426 0.0385417 0.175
person 0.590 0.938021 0.638426 0.0395833 0.130556
bicycle 0.641 0.463281 0.556019 0.0755208 0.162037
person 0.640 0.74974 0.0481481 0.0255208 0.0962963
person 0.670 0.492188 0.13287 0.0333333 0.136111
person 0.690 0.448177 0.499074 0.0557292 0.209259
person 0.690 0.12526 0.393981 0.0421875 0.176852
person 0.690 0.785937 0.0907407 0.0427083 0.142593
person 0.750 0.539583 0.0532407 0.028125 0.106481
person 0.760 0.604948 0.0388889 0.0203125 0.0777778
person 0.810 0.872135 0.735185 0.0640625 0.242593
person 0.820 0.397396 0.928704 0.0739583 0.140741
person 0.830 0.873438 0.172685 0.0333333 0.152778
person 0.840 0.414844 0.274074 0.0348958 0.164815
person 0.840 0.459115 0.289815 0.0296875 0.17037
person 0.860 0.102344 0.907407 0.0598958 0.185185
