person 0.260 0.0109375 0.475463 0.021875 0.187963
person 0.300 0.0734375 0.326389 0.0302083 0.125
person 0.310 0.127344 0.2875 0.0317708 0.149074
car 0.342 0.367188 0.304167 0.107292 0.160185
person 0.360 0.85625 0.0143519 0.025 0.0287037
bicycle 0.361 0.639583 0.49537 0.034375 0.0981481
potted plant 0.3958 0.343229 0.125 0.0427083 0.107407
person 0.400 0.0294271 0.331944 0.0338542 0.143519
person 0.530 0.763542 0.0412037 0.0270833 0.0824074
suitcase 0.5428 0.682031 0.663889 0.0630208 0.159259
person 0.690 0.624219 0.0953704 0.0286458 0.124074
person 0.770 0.435156 0.152315 0.0265625 0.134259
person 0.790 0.657552 0.103241 0.0223958 0.134259
person 0.810 0.654688 0.45 0.05 0.17963
person 0.830 0.767969 0.945833 0.0609375 0.108333
person 0.860 0.882552 0.868519 0.0651042 0.261111
person 0.880 0.167448 0.474074 0.0484375 0.207407
