person 0.330 0.0294271 0.33287 0.0338542 0.141667
person 0.330 0.0734375 0.327778 0.0302083 0.124074
suitcase 0.3528 0.682031 0.665741 0.0630208 0.157407
person 0.360 0.127083 0.287037 0.03125 0.15
potted plant 0.3658 0.341667 0.124537 0.040625 0.108333
person 0.390 0.621094 0.0430556 0.0307292 0.0861111
car 0.452 0.367188 0.305093 0.107292 0.162037
person 0.460 0.853646 0.0222222 0.0270833 0.0444444
bicycle 0.521 0.602344 0.560185 0.0286458 0.107407
person 0.620 0.901302 0.0564815 0.0276042 0.112963
surfboard 0.6337 0.863281 0.814352 0.0276042 0.156481
person 0.640 0.794531 0.0328704 0.0265625 0.0657407
person 0.650 0.0265625 0.967593 0.04375 0.0648148
person 0.730 0.401823 0.134722 0.0296875 0.141667
person 0.780 0.621875 0.518056 0.053125 0.184259
person 0.790 0.629167 0.125463 0.025 0.130556
person 0.790 0.599479 0.119444 0.0291667 0.131481
person 0.800 0.475781 0.132407 0.0265625 0.124074
person 0.830 0.890365 0.763889 0.0682292 0.285185
person 0.860 0.102865 0.538889 0.0546875 0.225926
