person 0.310 0.705729 0.0111111 0.0114583 0.0222222
person 0.310 0.0739583 0.327315 0.03125 0.125
bicycle 0.331 0.802083 0.0648148 0.0427083 0.127778
person 0.360 0.196615 0.216204 0.0286458 0.141667
potted plant 0.3758 0.343229 0.126852 0.0427083 0.101852
car 0.382 0.367969 0.304167 0.105729 0.160185
suitcase 0.3828 0.68151 0.664815 0.0630208 0.159259
person 0.380 0.12526 0.2875 0.0338542 0.158333
bicycle 0.391 0.438281 0.90787 0.0442708 0.156481
motorcycle 0.403 0.438021 0.911111 0.0458333 0.159259
bicycle 0.441 0.813542 0.0865741 0.025 0.0861111
person 0.460 0.560156 0.0458333 0.0265625 0.0916667
person 0.510 0.8 0.0648148 0.0395833 0.12963
person 0.610 0.530208 0.112037 0.0270833 0.133333
bicycle 0.641 0.395833 0.65463 0.0770833 0.172222
person 0.650 0.89974 0.741667 0.0473958 0.111111
person 0.690 0.885677 0.843056 0.0567708 0.178704
person 0.710 0.0265625 0.4625 0.0520833 0.180556
person 0.740 0.581771 0.0523148 0.021875 0.10463
person 0.750 0.38151 0.6 0.0682292 0.231481
person 0.780 0.255469 0.243519 0.0348958 0.155556
person 0.800 0.87526 0.133796 0.0328125 0.141667
person 0.810 0.504948 0.241667 0.0348958 0.153704
person 0.820 0.467448 0.233796 0.0390625 0.162037
person 0.870 0.460417 0.838426 0.0708333 0.230556
