person 0.270 0.197135 0.213889 0.0296875 0.138889
potted plant 0.2858 0.339844 0.125463 0.0401042 0.106481
person 0.310 0.0299479 0.332407 0.0328125 0.142593
person 0.340 0.0734375 0.327315 0.0302083 0.123148
person 0.360 0.860677 0.0236111 0.0171875 0.0453704
person 0.400 0.126042 0.288426 0.0333333 0.152778
car 0.412 0.367188 0.305093 0.108333 0.160185
suitcase 0.4328 0.681771 0.665278 0.0635417 0.158333
person 0.530 0.851302 0.0273148 0.0307292 0.0527778
bicycle 0.631 0.596875 0.574074 0.0302083 0.116667
person 0.650 0.396354 0.144444 0.0302083 0.140741
person 0.670 0.898958 0.0574074 0.028125 0.114815
person 0.680 0.799479 0.0328704 0.025 0.0657407
person 0.770 0.59375 0.127315 0.028125 0.134259
person 0.780 0.625 0.134722 0.0239583 0.134259
person 0.800 0.888542 0.725463 0.0697917 0.271296
person 0.810 0.0625 0.95463 0.0791667 0.0907407
person 0.810 0.480469 0.125 0.0244792 0.118519
person 0.820 0.614062 0.525463 0.0572917 0.178704
person 0.850 0.0867188 0.543519 0.0557292 0.216667
