person 0.260 0.0690104 0.326389 0.0234375 0.128704
person 0.280 0.770573 0.0393519 0.0234375 0.0787037
person 0.310 0.125781 0.286574 0.0338542 0.149074
person 0.350 0.195833 0.215741 0.028125 0.144444
bicycle 0.381 0.803646 0.1125 0.0177083 0.075
potted plant 0.3958 0.34375 0.125926 0.0427083 0.105556
person 0.420 0.0291667 0.33287 0.034375 0.143519
car 0.442 0.367708 0.303241 0.10625 0.156481
bicycle 0.471 0.396094 0.960185 0.0401042 0.0796296
suitcase 0.4928 0.68151 0.665278 0.0630208 0.158333
person 0.520 0.702604 0.0148148 0.0114583 0.0296296
person 0.580 0.925781 0.688889 0.0401042 0.157407
person 0.590 0.788542 0.0777778 0.0458333 0.146296
bicycle 0.621 0.436198 0.591667 0.0692708 0.162963
person 0.660 0.546354 0.049537 0.025 0.0990741
person 0.710 0.220573 0.275463 0.0442708 0.158333
person 0.710 0.42526 0.533333 0.0588542 0.216667
person 0.710 0.50651 0.124074 0.0307292 0.142593
person 0.720 0.0911458 0.418981 0.05 0.186111
person 0.770 0.0460938 0.938426 0.0557292 0.117593
person 0.780 0.424219 0.904167 0.0703125 0.189815
person 0.780 0.597917 0.0435185 0.0208333 0.087037
person 0.830 0.476302 0.270833 0.0317708 0.160185
person 0.840 0.434635 0.257407 0.0338542 0.161111
person 0.850 0.873438 0.159259 0.0322917 0.142593
person 0.870 0.877604 0.782407 0.0645833 0.246296
