person 0.310 0.127083 0.2875 0.028125 0.143519
bicycle 0.331 0.678385 0.411574 0.0453125 0.136111
suitcase 0.3628 0.682031 0.664815 0.0630208 0.159259
potted plant 0.3758 0.342448 0.123148 0.0390625 0.103704
person 0.380 0.629427 0.0162037 0.0140625 0.0324074
person 0.420 0.0731771 0.326389 0.0317708 0.123148
person 0.440 0.0255208 0.333333 0.040625 0.148148
bicycle 0.561 0.667708 0.42963 0.0229167 0.1
person 0.600 0.746354 0.050463 0.0270833 0.100926
person 0.650 0.475781 0.0902778 0.0255208 0.113889
person 0.750 0.68125 0.074537 0.0208333 0.123148
person 0.760 0.384896 0.18287 0.021875 0.115741
person 0.770 0.64974 0.075463 0.0307292 0.125
person 0.810 0.68125 0.389815 0.05 0.168519
person 0.820 0.844531 0.941204 0.0692708 0.117593
person 0.820 0.0666667 0.426852 0.0583333 0.190741
person 0.860 0.216406 0.403241 0.0453125 0.191667
person 0.880 0.789323 0.88287 0.0609375 0.234259
