person 0.260 0.0726563 0.326852 0.0286458 0.124074
handbag 0.2626 0.882031 0.768056 0.0359375 0.0712963
person 0.270 0.125781 0.271759 0.0286458 0.121296
bicycle 0.351 0.801042 0.119444 0.0177083 0.0814815
bicycle 0.361 0.751302 0.0564815 0.0234375 0.0851852
person 0.360 0.971875 0.233333 0.0239583 0.157407
bicycle 0.371 0.786719 0.0898148 0.0442708 0.138889
person 0.400 0.0291667 0.331944 0.0354167 0.143519
potted plant 0.4058 0.34375 0.126389 0.0427083 0.10463
person 0.440 0.7 0.0180556 0.0135417 0.0361111
person 0.560 0.936458 0.64213 0.0395833 0.134259
person 0.570 0.751562 0.0472222 0.025 0.0944444
suitcase 0.5728 0.68151 0.664815 0.0630208 0.159259
person 0.590 0.200781 0.278704 0.0369792 0.187037
bicycle 0.641 0.4625 0.560185 0.0760417 0.161111
person 0.680 0.446875 0.50787 0.05625 0.215741
person 0.690 0.49375 0.131944 0.034375 0.136111
person 0.690 0.786458 0.0898148 0.04375 0.142593
person 0.760 0.604167 0.0398148 0.0208333 0.0796296
person 0.760 0.540365 0.0532407 0.0276042 0.106481
person 0.760 0.122135 0.396759 0.0432292 0.178704
person 0.800 0.398698 0.927315 0.0744792 0.14537
person 0.810 0.872656 0.743056 0.0651042 0.249074
person 0.820 0.416927 0.272222 0.0338542 0.17037
person 0.830 0.873177 0.171759 0.0338542 0.152778
person 0.830 0.459635 0.289352 0.0286458 0.163889
person 0.860 0.0992187 0.911574 0.0588542 0.176852
