potted plant 0.2658 0.339583 0.124074 0.0375 0.101852
backpack 0.2724 0.741927 0.0365741 0.0265625 0.062037
person 0.290 0.0708333 0.325926 0.0239583 0.127778
person 0.340 0.824479 0.98287 0.0333333 0.0342593
person 0.370 0.126563 0.2875 0.0322917 0.147222
suitcase 0.3928 0.681771 0.665278 0.0625 0.158333
person 0.490 0.62474 0.0199074 0.0182292 0.0398148
person 0.500 0.0299479 0.332407 0.0328125 0.144444
bicycle 0.551 0.680729 0.403704 0.0270833 0.103704
person 0.620 0.741667 0.0546296 0.028125 0.105556
person 0.690 0.490885 0.0851852 0.0213542 0.109259
person 0.750 0.66276 0.0625 0.0265625 0.112037
person 0.770 0.692187 0.369907 0.0458333 0.163889
person 0.780 0.0989583 0.401852 0.0458333 0.188889
person 0.810 0.695052 0.0615741 0.0213542 0.119444
person 0.810 0.359115 0.194907 0.0255208 0.121296
person 0.890 0.239323 0.375463 0.0442708 0.184259
person 0.900 0.805729 0.839352 0.0572917 0.260185
