person 0.260 0.449219 0.115278 0.0213542 0.0990741
person 0.260 0.859375 0.0115741 0.0239583 0.0212963
person 0.260 0.0729167 0.327315 0.0322917 0.126852
suitcase 0.2828 0.367188 0.305093 0.107292 0.160185
person 0.320 0.127344 0.2875 0.0317708 0.149074
person 0.330 0.0309896 0.331019 0.0307292 0.139815
person 0.330 0.990885 0.89537 0.0182292 0.192593
potted plant 0.3558 0.340885 0.125926 0.0411458 0.105556
suitcase 0.5128 0.681771 0.663426 0.0625 0.160185
bicycle 0.541 0.648698 0.477315 0.0328125 0.0972222
person 0.590 0.758333 0.0439815 0.0260417 0.087963
person 0.730 0.63125 0.0833333 0.028125 0.127778
person 0.740 0.6625 0.42963 0.0520833 0.168519
person 0.760 0.6625 0.0930556 0.021875 0.128704
person 0.770 0.422135 0.161574 0.0244792 0.115741
person 0.810 0.0166667 0.454167 0.0333333 0.208333
person 0.840 0.186198 0.45 0.0546875 0.201852
person 0.870 0.878125 0.890741 0.0677083 0.218519
person 0.880 0.76901 0.921759 0.0630208 0.156481
