person 0.270 0.197396 0.214815 0.0302083 0.140741
bicycle 0.281 0.16849 0.963889 0.0838542 0.0722222
person 0.310 0.83125 0.037037 0.0354167 0.0648148
person 0.320 0.0734375 0.327315 0.0302083 0.123148
person 0.340 0.0260417 0.331944 0.040625 0.143519
potted plant 0.3558 0.339323 0.125463 0.0411458 0.106481
person 0.370 0.127083 0.2875 0.0333333 0.150926
suitcase 0.3928 0.367969 0.300926 0.108854 0.174074
person 0.440 0.844531 0.0356481 0.0223958 0.0712963
person 0.490 0.604427 0.0490741 0.0255208 0.0981481
bicycle 0.541 0.580208 0.610648 0.0270833 0.119444
person 0.570 0.811198 0.0305556 0.0213542 0.0611111
suitcase 0.6128 0.681771 0.664815 0.0635417 0.159259
person 0.750 0.580469 0.139815 0.0328125 0.138889
person 0.750 0.6125 0.143981 0.0270833 0.134259
person 0.760 0.895052 0.0666667 0.0286458 0.127778
person 0.780 0.379687 0.150463 0.0302083 0.143519
person 0.780 0.122656 0.914352 0.0838542 0.169444
person 0.780 0.496094 0.116204 0.0255208 0.117593
person 0.800 0.89401 0.681019 0.0703125 0.256481
person 0.850 0.601302 0.561111 0.0536458 0.190741
person 0.880 0.0502604 0.576389 0.0588542 0.226852
