person 0.290 0.0739583 0.327778 0.03125 0.124074
suitcase 0.2928 0.883073 0.662037 0.0234375 0.142593
person 0.340 0.126302 0.287963 0.0348958 0.155556
person 0.360 0.846354 0.0412037 0.0333333 0.0712963
person 0.390 0.0294271 0.332407 0.0348958 0.144444
person 0.400 0.353646 0.168519 0.03125 0.15
person 0.420 0.832552 0.0337963 0.0244792 0.0657407
person 0.440 0.58776 0.0606481 0.0265625 0.108333
suitcase 0.5028 0.681771 0.664352 0.0635417 0.160185
person 0.520 0.0153646 0.648148 0.0296875 0.161111
suitcase 0.5228 0.366667 0.30463 0.107292 0.161111
person 0.540 0.857031 0.0407407 0.0151042 0.0722222
bicycle 0.551 0.551562 0.667593 0.034375 0.114815
bicycle 0.551 0.227865 0.906018 0.0984375 0.173148
person 0.640 0.199479 0.856019 0.075 0.269444
person 0.740 0.514063 0.1 0.025 0.116667
person 0.750 0.888542 0.0782407 0.0291667 0.132407
person 0.770 0.590885 0.166204 0.0307292 0.143519
person 0.810 0.905208 0.60787 0.0614583 0.239815
person 0.820 0.557552 0.158796 0.0317708 0.141667
person 0.830 0.575 0.616667 0.0572917 0.201852
