person 0.260 0.127604 0.2875 0.03125 0.147222
person 0.270 0.0736979 0.326389 0.0296875 0.126852
bicycle 0.301 0.673177 0.41713 0.0473958 0.162037
potted plant 0.3758 0.342448 0.124537 0.0401042 0.10463
suitcase 0.3728 0.367448 0.303241 0.107813 0.162037
suitcase 0.4928 0.682031 0.664352 0.0630208 0.160185
bicycle 0.531 0.665885 0.443056 0.0296875 0.10463
person 0.650 0.46849 0.0921296 0.0265625 0.126852
person 0.650 0.748438 0.0476852 0.0291667 0.0953704
person 0.750 0.677083 0.403241 0.0479167 0.162037
person 0.760 0.677604 0.075463 0.0229167 0.130556
person 0.770 0.646875 0.074537 0.0302083 0.130556
person 0.800 0.39349 0.174074 0.0244792 0.111111
person 0.820 0.0466146 0.433333 0.0473958 0.185185
person 0.830 0.852083 0.932407 0.0677083 0.135185
person 0.880 0.210677 0.423611 0.0453125 0.20463
person 0.880 0.786719 0.890741 0.0609375 0.212963
