person 0.310 0.0734375 0.326852 0.0302083 0.124074
person 0.340 0.0294271 0.332407 0.0338542 0.142593
potted plant 0.3558 0.342448 0.125 0.0411458 0.107407
suitcase 0.3628 0.682292 0.665741 0.0635417 0.157407
person 0.370 0.127083 0.287037 0.0322917 0.15
person 0.410 0.621354 0.0439815 0.0291667 0.087963
car 0.432 0.367188 0.305093 0.107292 0.160185
person 0.490 0.853646 0.0217593 0.0291667 0.0435185
bicycle 0.501 0.605208 0.552315 0.0291667 0.121296
person 0.620 0.902083 0.0564815 0.028125 0.112963
person 0.690 0.404427 0.133796 0.0286458 0.141667
surfboard 0.6937 0.863802 0.82037 0.0296875 0.159259
person 0.710 0.791667 0.0337963 0.0270833 0.0675926
person 0.770 0.62474 0.506944 0.0526042 0.173148
person 0.780 0.630729 0.125463 0.0270833 0.132407
person 0.800 0.602344 0.11713 0.0317708 0.136111
person 0.800 0.474479 0.137963 0.0291667 0.12963
person 0.830 0.891667 0.769444 0.06875 0.288889
person 0.890 0.107031 0.533796 0.0557292 0.217593
