car 0.252 0.368229 0.303241 0.10625 0.156481
bicycle 0.261 0.802865 0.10787 0.0234375 0.0768519
motorcycle 0.283 0.405469 0.951852 0.0432292 0.0962963
person 0.280 0.196354 0.213426 0.0270833 0.141667
bicycle 0.281 0.405208 0.951852 0.0427083 0.0962963
person 0.340 0.125781 0.287963 0.0328125 0.153704
person 0.350 0.0695312 0.313889 0.0286458 0.1
person 0.390 0.703906 0.0134259 0.0130208 0.0268519
potted plant 0.4258 0.34375 0.126389 0.0427083 0.10463
person 0.430 0.0299479 0.331944 0.0338542 0.141667
person 0.590 0.0234375 0.960185 0.0458333 0.0777778
suitcase 0.6328 0.681771 0.664815 0.0635417 0.159259
person 0.690 0.509896 0.12037 0.0260417 0.142593
person 0.690 0.919271 0.700463 0.034375 0.137963
person 0.720 0.791667 0.0689815 0.0427083 0.137963
person 0.730 0.54974 0.0472222 0.0265625 0.0944444
bicycle 0.761 0.426823 0.606481 0.0828125 0.164815
person 0.760 0.41224 0.547222 0.0588542 0.207407
person 0.760 0.593229 0.0453704 0.0229167 0.0907407
person 0.790 0.0692708 0.422685 0.0385417 0.186111
person 0.820 0.229427 0.265278 0.0359375 0.165741
person 0.840 0.433333 0.891204 0.075 0.212037
person 0.840 0.444271 0.25463 0.0375 0.159259
person 0.850 0.87526 0.152315 0.0328125 0.143519
person 0.860 0.882812 0.800926 0.0625 0.222222
person 0.870 0.483854 0.260648 0.0270833 0.165741
