person 0.250 0.197396 0.213889 0.0302083 0.142593
potted plant 0.2758 0.338802 0.124074 0.0380208 0.103704
car 0.292 0.367448 0.302778 0.108854 0.164815
person 0.290 0.00572917 0.349074 0.0114583 0.111111
suitcase 0.2928 0.367448 0.301852 0.108854 0.172222
person 0.300 0.0734375 0.327315 0.0302083 0.123148
person 0.360 0.126042 0.289352 0.034375 0.15463
person 0.360 0.859896 0.037037 0.0145833 0.062963
person 0.370 0.0263021 0.331481 0.0411458 0.144444
person 0.370 0.590104 0.15 0.0572917 0.127778
suitcase 0.4928 0.681771 0.664815 0.0635417 0.159259
person 0.510 0.601302 0.05 0.0307292 0.1
person 0.510 0.839063 0.037037 0.0239583 0.0666667
bicycle 0.531 0.191146 0.944444 0.0802083 0.111111
person 0.540 0.81901 0.0296296 0.0234375 0.0592593
bicycle 0.651 0.571354 0.625926 0.0302083 0.118519
person 0.750 0.150521 0.893056 0.0791667 0.212037
person 0.750 0.370052 0.152315 0.0307292 0.14537
person 0.760 0.892187 0.0671296 0.0291667 0.132407
person 0.770 0.572396 0.14537 0.03125 0.137037
person 0.780 0.60625 0.152778 0.0229167 0.125926
person 0.810 0.499479 0.110185 0.0229167 0.116667
person 0.830 0.591146 0.579167 0.059375 0.193519
person 0.840 0.896615 0.657407 0.0671875 0.262963
person 0.880 0.0320312 0.603704 0.0598958 0.237037
