potted plant 0.2758 0.341146 0.118519 0.040625 0.0944444
bench 0.2813 0.368229 0.302315 0.10625 0.169444
person 0.290 0.719531 0.0583333 0.0453125 0.112963
person 0.330 0.0721354 0.325926 0.0307292 0.125926
suitcase 0.3728 0.367448 0.303241 0.107813 0.163889
bicycle 0.511 0.690104 0.381481 0.021875 0.0907407
person 0.510 0.61901 0.0226852 0.0182292 0.0453704
suitcase 0.5328 0.681771 0.665278 0.0625 0.158333
person 0.530 0.0294271 0.331944 0.0348958 0.14537
person 0.650 0.675781 0.0532407 0.0255208 0.106481
person 0.650 0.733073 0.062963 0.0265625 0.114815
person 0.650 0.508594 0.0638889 0.0255208 0.116667
person 0.720 0.70625 0.0574074 0.0229167 0.109259
person 0.800 0.329688 0.221759 0.0291667 0.139815
person 0.810 0.705729 0.34537 0.0458333 0.162963
person 0.820 0.136198 0.337037 0.0526042 0.259259
person 0.830 0.497917 0.937963 0.0645833 0.12037
person 0.830 0.025 0.648611 0.05 0.221296
person 0.860 0.258073 0.350926 0.0442708 0.185185
person 0.880 0.824479 0.786574 0.0583333 0.249074
