backpack 0.2624 0.741406 0.0550926 0.0265625 0.0990741
person 0.270 0.0710938 0.327778 0.0265625 0.127778
suitcase 0.2728 0.367188 0.302315 0.108333 0.169444
person 0.350 0.126042 0.287037 0.0322917 0.142593
suitcase 0.4628 0.681771 0.664815 0.0625 0.159259
person 0.490 0.0299479 0.33287 0.0328125 0.143519
person 0.530 0.62474 0.0203704 0.0192708 0.0407407
person 0.570 0.49349 0.0805556 0.0213542 0.107407
bicycle 0.591 0.682292 0.402315 0.028125 0.100926
person 0.620 0.741146 0.0569444 0.0270833 0.10463
person 0.760 0.664323 0.0601852 0.0276042 0.114815
person 0.770 0.69401 0.367593 0.0463542 0.166667
person 0.780 0.102604 0.404167 0.040625 0.186111
person 0.820 0.353646 0.201389 0.025 0.130556
person 0.830 0.696094 0.0611111 0.0223958 0.12037
person 0.890 0.809896 0.83287 0.0572917 0.258333
person 0.900 0.241667 0.372222 0.0447917 0.188889
