person 0.300 0.0734375 0.326852 0.0302083 0.124074
person 0.330 0.0296875 0.332407 0.0333333 0.142593
potted plant 0.3558 0.342448 0.124537 0.0411458 0.106481
person 0.370 0.126823 0.2875 0.0317708 0.150926
person 0.370 0.622396 0.0416667 0.0291667 0.0833333
car 0.442 0.367188 0.305093 0.107292 0.160185
suitcase 0.4428 0.682292 0.665278 0.0635417 0.158333
bicycle 0.451 0.60651 0.548611 0.0307292 0.115741
person 0.500 0.853906 0.0212963 0.0296875 0.0425926
person 0.620 0.902344 0.0578704 0.0307292 0.115741
surfboard 0.7037 0.864323 0.822222 0.0307292 0.162963
person 0.700 0.40625 0.133796 0.028125 0.139815
person 0.750 0.790365 0.0347222 0.0276042 0.0694444
person 0.770 0.62526 0.505093 0.0526042 0.175
person 0.790 0.632031 0.124537 0.0276042 0.134259
person 0.790 0.603385 0.11713 0.0317708 0.136111
person 0.800 0.473177 0.1375 0.0276042 0.128704
person 0.840 0.892187 0.772222 0.06875 0.290741
person 0.880 0.109115 0.526389 0.0536458 0.215741
