handbag 0.2726 0.880729 0.769907 0.046875 0.232407
person 0.280 0.386458 0.925463 0.0364583 0.149074
bicycle 0.321 0.755729 0.0537037 0.0239583 0.0833333
person 0.370 0.0291667 0.332407 0.034375 0.142593
person 0.380 0.701302 0.0166667 0.0140625 0.0333333
potted plant 0.4058 0.34375 0.125926 0.0427083 0.105556
person 0.480 0.932813 0.648611 0.0375 0.115741
suitcase 0.5128 0.68151 0.665278 0.0630208 0.158333
person 0.550 0.75625 0.0467593 0.025 0.0935185
person 0.610 0.498177 0.132407 0.0286458 0.135185
person 0.650 0.788542 0.0865741 0.04375 0.14537
person 0.700 0.204427 0.271759 0.0390625 0.178704
bicycle 0.711 0.454688 0.571296 0.0791667 0.155556
person 0.730 0.441667 0.518056 0.0614583 0.208333
person 0.760 0.602604 0.0416667 0.021875 0.0833333
person 0.770 0.541927 0.0523148 0.0265625 0.10463
person 0.780 0.0846354 0.92037 0.0567708 0.159259
person 0.780 0.111719 0.400463 0.0359375 0.176852
person 0.780 0.873958 0.766204 0.065625 0.265741
person 0.780 0.407552 0.919444 0.0723958 0.159259
person 0.780 0.422917 0.270833 0.0375 0.163889
person 0.800 0.463802 0.278704 0.0296875 0.159259
person 0.830 0.872917 0.164352 0.0322917 0.14537
