person 0.250 0.0260417 0.331944 0.0416667 0.143519
person 0.270 0.197396 0.214815 0.0302083 0.140741
person 0.290 0.861719 0.0236111 0.0151042 0.0472222
potted plant 0.3058 0.339844 0.125 0.0401042 0.107407
motorcycle 0.303 0.591927 0.589815 0.0338542 0.118519
bicycle 0.321 0.591927 0.592593 0.0338542 0.118519
person 0.340 0.0736979 0.327315 0.0307292 0.123148
person 0.370 0.127083 0.287037 0.0322917 0.15
person 0.380 0.608073 0.0490741 0.0223958 0.0981481
car 0.392 0.367448 0.305093 0.107813 0.160185
person 0.440 0.848958 0.0319444 0.0302083 0.0638889
person 0.550 0.389583 0.146296 0.0291667 0.133333
suitcase 0.5728 0.681771 0.665278 0.0635417 0.158333
person 0.720 0.804948 0.0319444 0.0265625 0.062037
person 0.720 0.897917 0.0601852 0.0302083 0.12037
person 0.760 0.486458 0.120833 0.0239583 0.121296
person 0.760 0.588021 0.129167 0.0270833 0.132407
person 0.800 0.608854 0.54537 0.0552083 0.187037
person 0.810 0.890104 0.70787 0.06875 0.262037
person 0.810 0.621615 0.1375 0.0234375 0.134259
person 0.870 0.096875 0.936574 0.102083 0.125
person 0.900 0.0752604 0.5625 0.0598958 0.225
