person 0.250 0.893229 0.0138889 0.015625 0.0277778
car 0.272 0.367969 0.303704 0.105729 0.159259
person 0.290 0.125781 0.288426 0.0338542 0.158333
person 0.320 0.0739583 0.326852 0.0302083 0.125926
person 0.340 0.197135 0.215741 0.0286458 0.144444
bicycle 0.421 0.807552 0.1 0.0223958 0.0722222
person 0.430 0.704687 0.012963 0.0104167 0.0259259
potted plant 0.4458 0.34349 0.126389 0.0421875 0.10463
suitcase 0.5628 0.681771 0.664815 0.0635417 0.159259
person 0.580 0.910677 0.712963 0.0380208 0.12037
bicycle 0.611 0.411979 0.628241 0.0697917 0.165741
person 0.660 0.554688 0.0467593 0.0270833 0.0935185
bicycle 0.671 0.41849 0.933333 0.0401042 0.133333
person 0.720 0.588802 0.050463 0.0203125 0.0972222
person 0.720 0.0473958 0.449537 0.0427083 0.176852
person 0.740 0.517969 0.113426 0.0317708 0.141667
person 0.750 0.397396 0.569444 0.0614583 0.225926
person 0.750 0.795052 0.0671296 0.0432292 0.134259
person 0.760 0.886198 0.828241 0.0598958 0.232407
person 0.770 0.876562 0.143981 0.034375 0.143519
person 0.810 0.492188 0.25463 0.0270833 0.153704
person 0.820 0.241927 0.256944 0.0369792 0.165741
person 0.830 0.454688 0.238889 0.0333333 0.166667
person 0.860 0.447656 0.875926 0.0723958 0.238889
