person 0.260 0.00546875 0.351389 0.0109375 0.10463
bench 0.2813 0.367708 0.302778 0.108333 0.17037
handbag 0.3026 0.779688 0.829167 0.0166667 0.0527778
person 0.330 0.126823 0.287037 0.0276042 0.140741
suitcase 0.4128 0.681771 0.664815 0.0625 0.159259
person 0.420 0.625781 0.0189815 0.0151042 0.037963
person 0.500 0.0304688 0.333333 0.0328125 0.142593
bicycle 0.571 0.680469 0.408333 0.0296875 0.107407
person 0.600 0.486719 0.0912037 0.0213542 0.0990741
person 0.700 0.830469 0.971296 0.0505208 0.0574074
person 0.720 0.74349 0.0523148 0.0286458 0.10463
person 0.790 0.658594 0.062963 0.0276042 0.114815
person 0.790 0.689062 0.371296 0.046875 0.159259
person 0.810 0.690104 0.0643518 0.0229167 0.123148
person 0.820 0.0864583 0.404167 0.0385417 0.197222
person 0.820 0.368229 0.195833 0.03125 0.117593
person 0.860 0.8 0.862037 0.0604167 0.259259
person 0.880 0.234635 0.387963 0.0432292 0.187037
