person 0.270 0.12526 0.288426 0.0317708 0.152778
person 0.280 0.0734375 0.326852 0.0333333 0.124074
handbag 0.3326 0.135677 0.914352 0.0192708 0.075
handbag 0.3326 0.875521 0.70787 0.03125 0.0564815
person 0.440 0.025 0.330556 0.04375 0.148148
potted plant 0.4658 0.34401 0.126389 0.0432292 0.106481
suitcase 0.4728 0.68151 0.665278 0.0630208 0.158333
bicycle 0.481 0.792708 0.135648 0.025 0.0898148
person 0.540 0.359115 0.962963 0.0692708 0.0722222
bicycle 0.591 0.715885 0.103241 0.0255208 0.0657407
person 0.600 0.61224 0.0351852 0.0182292 0.0685185
person 0.630 0.526563 0.0587963 0.028125 0.117593
person 0.660 0.779948 0.101852 0.0484375 0.146296
person 0.670 0.717708 0.0685185 0.028125 0.114815
person 0.700 0.16875 0.3375 0.046875 0.221296
bicycle 0.711 0.494271 0.519907 0.0739583 0.15463
person 0.710 0.858073 0.921759 0.0828125 0.152778
person 0.710 0.47474 0.141667 0.0307292 0.142593
person 0.730 0.95625 0.244907 0.0354167 0.156481
person 0.740 0.479427 0.457407 0.0567708 0.188889
person 0.750 0.39401 0.298611 0.0411458 0.169444
person 0.770 0.87526 0.183333 0.0348958 0.155556
person 0.820 0.864062 0.68287 0.059375 0.232407
person 0.860 0.434375 0.306019 0.03125 0.175
person 0.890 0.158854 0.865278 0.0604167 0.263889
