person 0.270 0.0739583 0.327778 0.03125 0.124074
bicycle 0.321 0.209635 0.859722 0.0776042 0.280556
person 0.350 0.126302 0.287963 0.0348958 0.155556
person 0.370 0.0294271 0.331944 0.0348958 0.14537
person 0.410 0.015625 0.65 0.03125 0.162963
person 0.410 0.586979 0.0555556 0.0270833 0.1
suitcase 0.4828 0.681771 0.664352 0.0635417 0.160185
person 0.490 0.85625 0.0412037 0.015625 0.075
person 0.490 0.838802 0.0393519 0.0296875 0.0731481
suitcase 0.5328 0.366667 0.304167 0.108333 0.162037
bicycle 0.591 0.236719 0.906482 0.0901042 0.187037
bicycle 0.631 0.547917 0.672222 0.0333333 0.116667
person 0.710 0.20625 0.854167 0.0760417 0.275
person 0.720 0.351042 0.172685 0.0333333 0.149074
person 0.750 0.516146 0.0967593 0.0260417 0.117593
person 0.750 0.589063 0.166204 0.03125 0.14537
person 0.770 0.88724 0.0828704 0.0307292 0.132407
person 0.790 0.554948 0.162037 0.0317708 0.144444
person 0.830 0.571354 0.622685 0.0614583 0.200926
person 0.850 0.907812 0.607407 0.0614583 0.248148
