person 0.260 0.00546875 0.350463 0.0109375 0.106481
suitcase 0.2628 0.367188 0.303241 0.108333 0.165741
person 0.300 0.0695312 0.308796 0.0276042 0.0935185
person 0.340 0.126823 0.2875 0.0276042 0.143519
potted plant 0.3558 0.343229 0.123611 0.040625 0.106481
person 0.410 0.627865 0.0166667 0.0171875 0.0333333
bicycle 0.511 0.670052 0.424074 0.0203125 0.0944444
suitcase 0.5228 0.68151 0.664815 0.0630208 0.159259
person 0.540 0.0278646 0.331481 0.0411458 0.144444
person 0.640 0.745313 0.0509259 0.028125 0.101852
person 0.740 0.478906 0.0777778 0.0223958 0.137037
person 0.760 0.652344 0.0685185 0.0276042 0.124074
person 0.770 0.684375 0.383333 0.046875 0.159259
person 0.770 0.377344 0.183796 0.0223958 0.115741
person 0.820 0.0729167 0.421296 0.0458333 0.187037
person 0.830 0.683854 0.0685185 0.0239583 0.124074
person 0.840 0.841406 0.95463 0.0651042 0.0907407
person 0.840 0.22474 0.396759 0.0494792 0.197222
person 0.880 0.791146 0.872685 0.059375 0.25463
