person 0.250 0.00546875 0.349537 0.0109375 0.106481
potted plant 0.3058 0.341406 0.117593 0.0401042 0.0944444
person 0.320 0.071875 0.325926 0.0302083 0.125926
backpack 0.3324 0.734375 0.0578704 0.0270833 0.106481
person 0.370 0.689062 0.0569444 0.053125 0.112037
person 0.450 0.620833 0.0226852 0.0177083 0.0453704
suitcase 0.4628 0.367708 0.302778 0.107292 0.164815
suitcase 0.4728 0.681771 0.665278 0.0625 0.158333
bicycle 0.481 0.688021 0.37963 0.0239583 0.1
person 0.530 0.0294271 0.332407 0.0348958 0.144444
person 0.650 0.673698 0.0569444 0.0276042 0.110185
person 0.660 0.0117188 0.651389 0.0234375 0.219444
person 0.680 0.734375 0.0606481 0.0270833 0.113889
person 0.740 0.504687 0.0685185 0.0260417 0.116667
person 0.740 0.135417 0.381944 0.0520833 0.184259
person 0.740 0.703906 0.0574074 0.0234375 0.111111
person 0.780 0.702604 0.348611 0.0458333 0.160185
person 0.780 0.482812 0.948611 0.0739583 0.102778
person 0.820 0.333594 0.211111 0.0255208 0.127778
person 0.860 0.253385 0.35463 0.0432292 0.181481
person 0.880 0.820312 0.799074 0.05625 0.255556
