person 0.270 0.0734375 0.326852 0.0302083 0.125926
person 0.310 0.0294271 0.332407 0.0338542 0.142593
person 0.310 0.990885 0.89213 0.0182292 0.187963
surfboard 0.3537 0.864323 0.899537 0.0244792 0.169444
bicycle 0.371 0.623958 0.514815 0.0239583 0.0907407
person 0.380 0.863802 0.0162037 0.0151042 0.0324074
person 0.390 0.126823 0.287037 0.0317708 0.148148
car 0.392 0.367448 0.302778 0.107813 0.162963
potted plant 0.4158 0.342708 0.125926 0.04375 0.107407
person 0.410 0.854948 0.0162037 0.0296875 0.0324074
suitcase 0.5928 0.682031 0.664352 0.0630208 0.158333
person 0.610 0.425521 0.124537 0.0291667 0.149074
person 0.650 0.445573 0.139352 0.0265625 0.139815
person 0.730 0.760417 0.96713 0.0510417 0.0657407
person 0.760 0.771354 0.0388889 0.0302083 0.0777778
person 0.780 0.647656 0.106019 0.0234375 0.128704
person 0.780 0.616406 0.106481 0.0276042 0.12963
person 0.810 0.644531 0.472222 0.0505208 0.175926
person 0.820 0.886719 0.834259 0.0671875 0.287037
person 0.860 0.151042 0.485185 0.0479167 0.198148
