person 0.290 0.622656 0.0407407 0.0296875 0.0814815
person 0.300 0.0734375 0.326852 0.0302083 0.124074
person 0.340 0.0299479 0.332407 0.0338542 0.142593
potted plant 0.3658 0.342448 0.125 0.0411458 0.107407
person 0.370 0.127083 0.2875 0.03125 0.150926
suitcase 0.3828 0.682292 0.665278 0.0635417 0.156481
motorcycle 0.443 0.608854 0.54537 0.0333333 0.122222
car 0.452 0.367188 0.304167 0.107292 0.162037
person 0.500 0.854427 0.0212963 0.0296875 0.0425926
person 0.640 0.903125 0.0578704 0.0302083 0.115741
surfboard 0.6837 0.864583 0.822222 0.0302083 0.164815
person 0.710 0.407813 0.133796 0.0270833 0.137963
person 0.710 0.626823 0.501389 0.0526042 0.173148
person 0.730 0.789062 0.0351852 0.0270833 0.0703704
person 0.790 0.603646 0.116667 0.03125 0.138889
person 0.800 0.632552 0.123611 0.0276042 0.134259
person 0.800 0.471875 0.137037 0.028125 0.131481
person 0.840 0.892969 0.774537 0.0682292 0.293519
person 0.870 0.111719 0.52037 0.0536458 0.211111
