person 0.270 0.197396 0.215278 0.0302083 0.143519
person 0.300 0.0739583 0.327315 0.03125 0.123148
person 0.350 0.125781 0.288426 0.0348958 0.15463
person 0.390 0.857031 0.0388889 0.0171875 0.0703704
bicycle 0.401 0.563542 0.645833 0.0364583 0.121296
person 0.400 0.0265625 0.331481 0.040625 0.146296
person 0.400 0.583073 0.15463 0.0567708 0.137037
person 0.440 0.835938 0.037963 0.028125 0.0685185
suitcase 0.5128 0.366927 0.303704 0.107813 0.164815
suitcase 0.5728 0.681771 0.664352 0.0635417 0.160185
bicycle 0.601 0.206771 0.925926 0.101042 0.140741
person 0.620 0.594271 0.0560185 0.028125 0.10463
person 0.680 0.36224 0.168056 0.0307292 0.147222
person 0.700 0.889583 0.0768519 0.0291667 0.131481
person 0.770 0.6 0.158333 0.0229167 0.137037
person 0.770 0.506771 0.102315 0.025 0.119444
person 0.790 0.0208333 0.614815 0.0416667 0.22963
person 0.810 0.582812 0.597685 0.0614583 0.189815
person 0.820 0.177344 0.881019 0.0817708 0.228704
person 0.850 0.899219 0.634259 0.0640625 0.262963
person 0.850 0.566146 0.154167 0.0322917 0.14537
