bicycle 0.311 0.802344 0.116204 0.0151042 0.075
person 0.340 0.125 0.285185 0.0333333 0.146296
bicycle 0.341 0.758594 0.0532407 0.0234375 0.0768519
potted plant 0.3858 0.34401 0.125926 0.0421875 0.105556
person 0.390 0.0291667 0.332407 0.034375 0.142593
person 0.400 0.701302 0.0171296 0.0130208 0.0342593
person 0.400 0.759375 0.0467593 0.0260417 0.0861111
person 0.480 0.930469 0.665741 0.0369792 0.138889
suitcase 0.4828 0.68151 0.665278 0.0630208 0.158333
person 0.520 0.500521 0.131944 0.0291667 0.130556
person 0.630 0.788021 0.0824074 0.0427083 0.146296
bicycle 0.721 0.451302 0.576852 0.0765625 0.155556
person 0.730 0.4375 0.5125 0.0614583 0.193519
person 0.740 0.20651 0.26713 0.0432292 0.184259
person 0.740 0.54349 0.0523148 0.0265625 0.10463
person 0.760 0.601823 0.0425926 0.0223958 0.0851852
person 0.780 0.10599 0.399537 0.0359375 0.169444
person 0.790 0.427083 0.270833 0.0416667 0.163889
person 0.810 0.0747396 0.925463 0.0578125 0.14537
person 0.830 0.410156 0.915278 0.0755208 0.165741
person 0.830 0.875781 0.773611 0.0682292 0.263889
person 0.850 0.872656 0.161574 0.0328125 0.14537
person 0.850 0.465625 0.273611 0.0291667 0.163889
