motorcycle 0.263 0.272656 0.848611 0.0796875 0.210185
motorcycle 0.273 0.526042 0.720833 0.0427083 0.132407
person 0.280 0.126042 0.288426 0.034375 0.152778
person 0.300 0.0296875 0.331944 0.0354167 0.143519
bicycle 0.381 0.847135 0.0513889 0.0213542 0.0787037
bicycle 0.401 0.52526 0.721296 0.0411458 0.127778
person 0.430 0.845052 0.0476852 0.0276042 0.0861111
suitcase 0.4428 0.366927 0.303704 0.107813 0.162963
person 0.490 0.574479 0.0800926 0.03125 0.126852
person 0.510 0.833854 0.0458333 0.0322917 0.0916667
suitcase 0.5328 0.68151 0.663889 0.0630208 0.159259
bicycle 0.581 0.278906 0.844444 0.0953125 0.214815
person 0.600 0.53151 0.075463 0.0203125 0.10463
person 0.620 0.327604 0.196759 0.0291667 0.139815
person 0.660 0.853646 0.950463 0.0520833 0.0990741
person 0.770 0.548177 0.673611 0.0640625 0.212037
person 0.780 0.5375 0.181019 0.0322917 0.141667
person 0.780 0.258333 0.777778 0.0739583 0.25
person 0.800 0.882552 0.0958333 0.0296875 0.136111
person 0.830 0.570573 0.187037 0.0255208 0.142593
person 0.840 0.919271 0.558796 0.0583333 0.239815
