person 0.250 0.00546875 0.350926 0.0109375 0.105556
potted plant 0.2658 0.339323 0.124537 0.0380208 0.100926
bench 0.2713 0.367708 0.301852 0.108333 0.172222
person 0.270 0.0697917 0.32963 0.021875 0.137037
person 0.300 0.126823 0.287037 0.0276042 0.140741
suitcase 0.3528 0.681771 0.664815 0.0625 0.159259
person 0.470 0.625 0.0199074 0.0166667 0.0398148
person 0.510 0.0304688 0.333333 0.0328125 0.144444
bicycle 0.601 0.679948 0.407407 0.0265625 0.101852
person 0.640 0.488021 0.0912037 0.0197917 0.0990741
person 0.670 0.827344 0.975 0.0348958 0.0462963
person 0.680 0.742448 0.0537037 0.0286458 0.103704
person 0.770 0.660156 0.0625 0.0265625 0.115741
person 0.780 0.690625 0.370833 0.0458333 0.162037
person 0.790 0.0934896 0.403704 0.0432292 0.192593
person 0.790 0.692969 0.0625 0.0213542 0.119444
person 0.810 0.363802 0.198148 0.0286458 0.122222
person 0.860 0.803125 0.854167 0.059375 0.260185
person 0.880 0.236979 0.380093 0.04375 0.186111
