person 0.260 0.990885 0.89537 0.0182292 0.190741
bench 0.2713 0.367708 0.305556 0.108333 0.164815
person 0.280 0.0736979 0.326852 0.0296875 0.125926
person 0.280 0.127344 0.287963 0.0317708 0.148148
potted plant 0.3558 0.342448 0.124537 0.0390625 0.10463
suitcase 0.3728 0.367448 0.303241 0.107813 0.162037
suitcase 0.4428 0.682031 0.664352 0.0630208 0.160185
bicycle 0.501 0.664844 0.443056 0.0307292 0.10463
person 0.640 0.467187 0.0907407 0.0260417 0.127778
person 0.650 0.748698 0.0472222 0.0296875 0.0944444
person 0.730 0.676302 0.402778 0.0494792 0.159259
person 0.740 0.676302 0.074537 0.0223958 0.132407
person 0.770 0.645833 0.0736111 0.0302083 0.130556
person 0.800 0.395312 0.172685 0.025 0.110185
person 0.830 0.854167 0.927315 0.0677083 0.141667
person 0.840 0.0442708 0.433796 0.0479167 0.189815
person 0.880 0.785937 0.891204 0.0614583 0.212037
person 0.890 0.209635 0.425463 0.0463542 0.206481
