person 0.260 0.56901 0.050463 0.0276042 0.100926
suitcase 0.3128 0.68151 0.665278 0.0630208 0.158333
person 0.350 0.0736979 0.327778 0.0338542 0.127778
person 0.380 0.196094 0.216667 0.0286458 0.146296
person 0.380 0.0299479 0.331019 0.0338542 0.14537
potted plant 0.3958 0.343229 0.126852 0.04375 0.103704
person 0.400 0.70625 0.0115741 0.0104167 0.0231481
person 0.400 0.12526 0.2875 0.0338542 0.156481
car 0.422 0.367969 0.303241 0.106771 0.162037
person 0.430 0.0169271 0.471759 0.0338542 0.173148
person 0.450 0.804688 0.0606481 0.0427083 0.119444
bicycle 0.471 0.808854 0.0856481 0.0364583 0.0842593
person 0.540 0.533073 0.1125 0.0265625 0.134259
person 0.590 0.894271 0.751852 0.0489583 0.118519
bicycle 0.631 0.442708 0.893519 0.04375 0.146296
person 0.660 0.889063 0.847222 0.053125 0.168519
bicycle 0.691 0.386458 0.660648 0.0833333 0.182407
person 0.700 0.578385 0.0518519 0.0223958 0.103704
person 0.710 0.373437 0.593982 0.065625 0.212037
person 0.760 0.473958 0.227315 0.0333333 0.158333
person 0.770 0.2625 0.238889 0.040625 0.161111
person 0.810 0.875781 0.13287 0.0328125 0.141667
person 0.810 0.506771 0.238426 0.034375 0.152778
person 0.830 0.46849 0.834722 0.0703125 0.24537
