person 0.260 0.641406 0.1 0.0484375 0.125926
person 0.260 0.435417 0.0805556 0.0208333 0.0796296
person 0.290 0.0734375 0.326389 0.0302083 0.125
person 0.300 0.990885 0.893056 0.0182292 0.187963
person 0.320 0.127344 0.2875 0.0317708 0.147222
person 0.350 0.85599 0.0143519 0.0244792 0.0287037
car 0.362 0.367188 0.303704 0.107292 0.161111
potted plant 0.3758 0.340625 0.126389 0.0427083 0.106481
person 0.400 0.0294271 0.332407 0.0338542 0.142593
person 0.460 0.763542 0.0412037 0.0270833 0.0824074
suitcase 0.5728 0.682031 0.664352 0.0630208 0.158333
person 0.680 0.624219 0.0986111 0.0286458 0.125
person 0.770 0.43724 0.154167 0.0276042 0.130556
person 0.780 0.655469 0.100463 0.0244792 0.125
person 0.820 0.653385 0.452778 0.0505208 0.181481
person 0.830 0.768229 0.946759 0.0614583 0.106481
person 0.860 0.882552 0.866667 0.0651042 0.264815
person 0.870 0.166406 0.477315 0.0494792 0.210185
