person 0.290 0.0731771 0.326852 0.0296875 0.125926
person 0.310 0.907812 0.050463 0.0291667 0.100926
person 0.320 0.0294271 0.332407 0.0338542 0.142593
person 0.370 0.125781 0.288889 0.0328125 0.153704
person 0.390 0.860937 0.0189815 0.015625 0.037963
potted plant 0.3958 0.342969 0.125463 0.0432292 0.108333
person 0.400 0.852604 0.0194444 0.0229167 0.0388889
surfboard 0.4237 0.86875 0.876389 0.028125 0.175
person 0.430 0.75026 0.978704 0.0307292 0.0388889
car 0.452 0.367448 0.303704 0.107813 0.162963
suitcase 0.4528 0.682031 0.664815 0.0630208 0.157407
bicycle 0.591 0.621094 0.531944 0.0359375 0.108333
person 0.750 0.417708 0.125463 0.0239583 0.128704
person 0.760 0.779427 0.037037 0.0286458 0.0740741
person 0.780 0.610677 0.107407 0.0265625 0.12963
person 0.810 0.458594 0.139352 0.0286458 0.126852
person 0.810 0.635677 0.48287 0.0546875 0.171296
person 0.810 0.641927 0.114352 0.0213542 0.130556
person 0.850 0.890625 0.815741 0.065625 0.290741
person 0.880 0.13724 0.506944 0.0588542 0.212037
