person 0.270 0.0294271 0.331944 0.0348958 0.143519
person 0.320 0.126302 0.288426 0.0338542 0.15463
person 0.330 0.847656 0.0421296 0.0296875 0.0842593
suitcase 0.3828 0.68151 0.664352 0.0630208 0.160185
suitcase 0.4428 0.366927 0.303704 0.108854 0.162963
person 0.450 0.582812 0.0606481 0.0291667 0.108333
person 0.550 0.836458 0.0430556 0.025 0.0787037
bicycle 0.621 0.242969 0.892593 0.101562 0.209259
bicycle 0.661 0.538802 0.688426 0.0359375 0.121296
person 0.680 0.34401 0.191667 0.0369792 0.122222
person 0.740 0.520573 0.0898148 0.0223958 0.111111
person 0.770 0.228646 0.827778 0.0791667 0.27963
person 0.780 0.548698 0.166667 0.0338542 0.146296
person 0.790 0.885938 0.0856481 0.0291667 0.132407
person 0.810 0.582031 0.173148 0.0244792 0.140741
person 0.830 0.913542 0.581481 0.0614583 0.246296
person 0.870 0.563802 0.642593 0.0598958 0.203704
