person 0.260 0.0736979 0.326389 0.0307292 0.121296
handbag 0.3226 0.88151 0.761574 0.0359375 0.0638889
bicycle 0.371 0.798177 0.118981 0.0213542 0.087963
person 0.400 0.0294271 0.331944 0.0348958 0.143519
potted plant 0.4158 0.343229 0.125463 0.0427083 0.106481
bicycle 0.431 0.786198 0.0921296 0.0432292 0.137963
bicycle 0.441 0.746354 0.0578704 0.0260417 0.0953704
person 0.460 0.7 0.0180556 0.0135417 0.0361111
person 0.520 0.196875 0.288889 0.0385417 0.17963
suitcase 0.5428 0.68151 0.664815 0.0630208 0.159259
person 0.560 0.970833 0.232407 0.0270833 0.153704
person 0.570 0.127604 0.383333 0.0416667 0.190741
person 0.570 0.747135 0.05 0.0276042 0.1
person 0.620 0.938281 0.634259 0.0380208 0.124074
person 0.630 0.45 0.497685 0.0541667 0.210185
person 0.680 0.491406 0.134722 0.0307292 0.137963
person 0.680 0.785417 0.0902778 0.0427083 0.141667
bicycle 0.691 0.466667 0.555093 0.0729167 0.160185
person 0.730 0.538542 0.0541667 0.028125 0.108333
person 0.780 0.604948 0.0384259 0.0213542 0.0768519
person 0.800 0.396354 0.930556 0.0739583 0.138889
person 0.830 0.873698 0.172685 0.0338542 0.152778
person 0.830 0.870313 0.731019 0.0635417 0.236111
person 0.840 0.457292 0.289352 0.0291667 0.169444
person 0.840 0.105208 0.904167 0.05625 0.191667
person 0.850 0.413802 0.272685 0.0348958 0.169444
