person 0.270 0.12526 0.2875 0.0307292 0.150926
person 0.290 0.0736979 0.326852 0.0317708 0.122222
handbag 0.3226 0.867708 0.699074 0.0552083 0.137037
handbag 0.3226 0.877083 0.715741 0.0333333 0.0537037
suitcase 0.4128 0.68151 0.665741 0.0630208 0.159259
person 0.420 0.697396 0.0199074 0.0135417 0.0398148
potted plant 0.4358 0.34349 0.125926 0.0432292 0.107407
person 0.450 0.0252604 0.331019 0.0432292 0.147222
bicycle 0.501 0.79375 0.134259 0.0239583 0.087037
bicycle 0.531 0.723698 0.0912037 0.0276042 0.0805556
person 0.550 0.724219 0.0671296 0.0296875 0.119444
person 0.600 0.178385 0.301852 0.0348958 0.159259
person 0.610 0.78099 0.101852 0.0473958 0.144444
person 0.670 0.160938 0.35787 0.05 0.197222
person 0.680 0.473437 0.468519 0.0541667 0.203704
person 0.690 0.369792 0.956481 0.075 0.087037
bicycle 0.691 0.484635 0.526389 0.0786458 0.156481
person 0.720 0.529688 0.0578704 0.0291667 0.115741
person 0.730 0.611198 0.0351852 0.0203125 0.0703704
person 0.730 0.859896 0.931944 0.0770833 0.136111
person 0.750 0.957812 0.240278 0.0395833 0.152778
person 0.760 0.397135 0.290741 0.0401042 0.17037
person 0.770 0.477604 0.139352 0.0291667 0.14537
person 0.790 0.875 0.185185 0.034375 0.15
person 0.820 0.863281 0.6875 0.0619792 0.230556
person 0.850 0.440104 0.304167 0.034375 0.171296
person 0.860 0.144792 0.871759 0.059375 0.249074
