potted plant 0.2558 0.340885 0.126389 0.0401042 0.102778
person 0.260 0.990885 0.89537 0.0182292 0.190741
bench 0.2813 0.367448 0.303704 0.107813 0.168519
person 0.280 0.00546875 0.350926 0.0109375 0.105556
person 0.290 0.0697917 0.306481 0.0239583 0.087037
person 0.340 0.126042 0.288889 0.0322917 0.148148
person 0.370 0.626823 0.0175926 0.0140625 0.0351852
suitcase 0.4128 0.68151 0.664815 0.0630208 0.159259
person 0.520 0.028125 0.331944 0.0395833 0.143519
bicycle 0.561 0.673958 0.42037 0.021875 0.0962963
person 0.580 0.48099 0.0773148 0.0223958 0.128704
person 0.660 0.745052 0.0513889 0.0276042 0.102778
person 0.760 0.373958 0.190741 0.0270833 0.116667
person 0.770 0.654427 0.0638889 0.0255208 0.118519
person 0.780 0.686198 0.0689815 0.0255208 0.125
person 0.800 0.838021 0.963889 0.0614583 0.0722222
person 0.800 0.686458 0.37963 0.046875 0.153704
person 0.840 0.0794271 0.4125 0.0390625 0.184259
person 0.850 0.228906 0.396759 0.0473958 0.19537
person 0.890 0.79375 0.867593 0.0604167 0.251852
