person 0.260 0.0736979 0.327315 0.0317708 0.125
person 0.260 0.575521 0.0388889 0.01875 0.0777778
person 0.270 0.0283854 0.331944 0.0359375 0.143519
person 0.280 0.841667 0.0583333 0.0270833 0.0851852
bicycle 0.281 0.823177 0.0527778 0.0307292 0.0981481
person 0.280 0.125781 0.287963 0.0348958 0.155556
person 0.290 0.860417 0.0194444 0.0270833 0.0388889
potted plant 0.3758 0.340625 0.125 0.0458333 0.107407
suitcase 0.4228 0.681771 0.664815 0.0635417 0.159259
person 0.490 0.305729 0.211574 0.0375 0.141667
person 0.490 0.823958 0.050463 0.03125 0.100926
person 0.500 0.544271 0.0731481 0.021875 0.124074
bicycle 0.521 0.497917 0.767593 0.0375 0.131481
person 0.550 0.5625 0.0837963 0.0302083 0.137963
bicycle 0.591 0.840625 0.0634259 0.0260417 0.0787037
bicycle 0.591 0.315625 0.783333 0.0802083 0.198148
person 0.720 0.55 0.20463 0.0260417 0.142593
person 0.720 0.295833 0.722685 0.0708333 0.262037
person 0.750 0.879687 0.109722 0.0302083 0.134259
person 0.760 0.865625 0.914352 0.078125 0.169444
person 0.810 0.51875 0.195833 0.034375 0.152778
person 0.820 0.936458 0.518519 0.05625 0.233333
person 0.850 0.52526 0.711574 0.0630208 0.217593
