person 0.290 0.0710938 0.324537 0.0286458 0.123148
potted plant 0.3058 0.340365 0.12037 0.0390625 0.0981481
person 0.340 0.126042 0.284722 0.0333333 0.143519
suitcase 0.3628 0.366927 0.302315 0.108854 0.165741
bicycle 0.391 0.682292 0.39537 0.0229167 0.0944444
person 0.390 0.684896 0.0597222 0.0489583 0.115741
suitcase 0.4428 0.681771 0.664815 0.0625 0.159259
person 0.500 0.623177 0.0212963 0.0203125 0.0425926
person 0.510 0.0296875 0.332407 0.0333333 0.144444
person 0.550 0.497396 0.0675926 0.0239583 0.127778
person 0.660 0.738542 0.0578704 0.0270833 0.106481
person 0.740 0.696615 0.359259 0.0453125 0.164815
person 0.760 0.698698 0.0587963 0.0223958 0.117593
person 0.770 0.667708 0.0597222 0.0270833 0.115741
person 0.790 0.346354 0.211574 0.0302083 0.137963
person 0.820 0.113281 0.388889 0.0411458 0.181481
person 0.880 0.246615 0.374537 0.0421875 0.193519
person 0.900 0.814323 0.827315 0.0578125 0.267593
