person 0.250 0.865625 0.0166667 0.015625 0.0333333
person 0.280 0.0736979 0.327315 0.0317708 0.125
handbag 0.2926 0.920833 0.537963 0.0239583 0.127778
person 0.290 0.0291667 0.332407 0.0354167 0.142593
suitcase 0.3128 0.921615 0.540741 0.0255208 0.127778
suitcase 0.3328 0.681771 0.664815 0.0635417 0.159259
car 0.352 0.367188 0.302315 0.108333 0.163889
person 0.360 0.125521 0.287963 0.034375 0.155556
bicycle 0.361 0.822396 0.0564815 0.0385417 0.105556
bicycle 0.421 0.490625 0.787037 0.0416667 0.138889
potted plant 0.4358 0.342969 0.125463 0.0442708 0.106481
person 0.470 0.575781 0.0393519 0.0234375 0.0787037
person 0.550 0.558073 0.087037 0.0296875 0.146296
bicycle 0.551 0.834635 0.0643518 0.0307292 0.0805556
person 0.580 0.820833 0.0560185 0.0354167 0.112037
bicycle 0.581 0.327344 0.75787 0.0848958 0.202778
person 0.720 0.878906 0.109259 0.0307292 0.137037
person 0.740 0.309635 0.685185 0.0703125 0.222222
person 0.750 0.869531 0.90463 0.0734375 0.190741
person 0.780 0.941667 0.502778 0.053125 0.224074
person 0.810 0.514063 0.73287 0.0645833 0.219444
person 0.830 0.513021 0.199537 0.03125 0.143519
person 0.840 0.544792 0.205556 0.0260417 0.144444
