bicycle 0.261 0.802865 0.118056 0.0161458 0.0787037
bicycle 0.261 0.796094 0.111574 0.0317708 0.0972222
handbag 0.3126 0.883073 0.774537 0.0348958 0.0638889
bicycle 0.361 0.752865 0.0550926 0.0244792 0.0861111
person 0.380 0.0289063 0.332407 0.0348958 0.142593
bicycle 0.391 0.7875 0.0893519 0.0447917 0.139815
potted plant 0.4058 0.34375 0.125926 0.0427083 0.105556
person 0.430 0.7 0.0180556 0.0135417 0.0361111
person 0.550 0.935156 0.645833 0.0401042 0.130556
suitcase 0.5528 0.68151 0.665278 0.0630208 0.158333
person 0.620 0.752604 0.0476852 0.0260417 0.0953704
person 0.650 0.496354 0.131019 0.0354167 0.136111
person 0.680 0.786719 0.0888889 0.0432292 0.142593
person 0.680 0.202344 0.277778 0.0369792 0.17963
bicycle 0.701 0.459635 0.56713 0.0755208 0.15463
person 0.700 0.446875 0.512037 0.0625 0.218519
person 0.750 0.117969 0.399537 0.0411458 0.180556
person 0.760 0.540625 0.0527778 0.0270833 0.105556
person 0.770 0.603906 0.0402778 0.0213542 0.0805556
person 0.770 0.401823 0.924537 0.0744792 0.149074
person 0.800 0.873958 0.750926 0.065625 0.251852
person 0.800 0.419271 0.272222 0.0364583 0.166667
person 0.820 0.460677 0.285648 0.0276042 0.167593
person 0.820 0.0940104 0.914815 0.0567708 0.168519
person 0.840 0.872917 0.17037 0.0333333 0.151852
