person 0.290 0.705729 0.0115741 0.0104167 0.0231481
suitcase 0.3128 0.68151 0.665278 0.0630208 0.158333
person 0.320 0.0296875 0.330556 0.0333333 0.142593
person 0.320 0.0739583 0.326852 0.03125 0.124074
bicycle 0.351 0.804688 0.0662037 0.0427083 0.117593
person 0.360 0.196615 0.216204 0.0286458 0.143519
person 0.380 0.560677 0.0444444 0.0255208 0.0888889
potted plant 0.3958 0.343229 0.126852 0.0427083 0.101852
person 0.390 0.12526 0.287963 0.0338542 0.157407
person 0.410 0.802083 0.0532407 0.040625 0.106481
car 0.432 0.368229 0.303704 0.10625 0.161111
bicycle 0.471 0.813281 0.087037 0.0296875 0.0851852
person 0.570 0.532552 0.111574 0.0276042 0.132407
person 0.580 0.025 0.468519 0.05 0.17037
person 0.640 0.896875 0.748611 0.0489583 0.119444
person 0.660 0.888021 0.844444 0.053125 0.172222
bicycle 0.661 0.442187 0.9 0.0447917 0.155556
bicycle 0.671 0.389062 0.660185 0.0791667 0.175926
person 0.710 0.376563 0.600463 0.0677083 0.232407
person 0.710 0.579167 0.0518519 0.021875 0.103704
person 0.770 0.471875 0.228704 0.0354167 0.159259
person 0.780 0.259896 0.243981 0.0385417 0.150926
person 0.810 0.875781 0.132407 0.0328125 0.140741
person 0.820 0.505469 0.240741 0.0338542 0.153704
person 0.850 0.465625 0.836574 0.0708333 0.241667
