person 0.280 0.197396 0.214815 0.0302083 0.142593
person 0.290 0.00572917 0.349074 0.0114583 0.109259
potted plant 0.3058 0.340104 0.125463 0.0395833 0.106481
person 0.340 0.0734375 0.327315 0.0302083 0.123148
person 0.350 0.0265625 0.331944 0.040625 0.143519
suitcase 0.3628 0.367969 0.300926 0.108854 0.172222
person 0.390 0.126042 0.289352 0.034375 0.15463
handbag 0.3926 0.865885 0.714352 0.0255208 0.152778
bicycle 0.471 0.165885 0.954167 0.104687 0.0916667
person 0.480 0.603906 0.0481481 0.0265625 0.0962963
person 0.490 0.844531 0.0365741 0.0265625 0.0657407
suitcase 0.5428 0.681771 0.664815 0.0635417 0.159259
person 0.550 0.813021 0.0300926 0.0208333 0.0601852
bicycle 0.601 0.577344 0.618519 0.0286458 0.107407
person 0.750 0.894271 0.0680556 0.0302083 0.128704
person 0.760 0.13151 0.908333 0.0828125 0.177778
person 0.780 0.610417 0.145833 0.0260417 0.130556
person 0.790 0.578385 0.142593 0.0307292 0.137037
person 0.800 0.497396 0.113889 0.0239583 0.118519
person 0.800 0.378125 0.15 0.0322917 0.146296
person 0.820 0.895312 0.669907 0.071875 0.260185
person 0.830 0.6 0.569444 0.0520833 0.194444
person 0.880 0.0445312 0.578704 0.0588542 0.216667
