person 0.280 0.0289063 0.331944 0.0348958 0.143519
person 0.310 0.125781 0.287963 0.0338542 0.153704
suitcase 0.3328 0.366927 0.302778 0.107813 0.164815
bicycle 0.351 0.833594 0.0550926 0.0359375 0.0842593
person 0.420 0.845312 0.0513889 0.021875 0.087963
bicycle 0.461 0.845052 0.0560185 0.0203125 0.0805556
person 0.470 0.832031 0.0486111 0.0411458 0.0972222
person 0.490 0.569792 0.0768519 0.0260417 0.118519
suitcase 0.4928 0.681771 0.664352 0.0635417 0.160185
person 0.570 0.535677 0.0768519 0.0213542 0.107407
bicycle 0.581 0.514583 0.7375 0.0375 0.134259
person 0.610 0.319531 0.208796 0.0286458 0.121296
bicycle 0.651 0.292188 0.818981 0.090625 0.213889
person 0.660 0.851302 0.940741 0.0588542 0.118519
person 0.770 0.530729 0.185648 0.0302083 0.149074
person 0.780 0.882552 0.0990741 0.0307292 0.135185
person 0.790 0.56276 0.190741 0.0338542 0.142593
person 0.810 0.273177 0.749074 0.0723958 0.251852
person 0.820 0.926302 0.538426 0.0598958 0.234259
person 0.870 0.540104 0.680556 0.0625 0.201852
