person 0.260 0.00572917 0.349537 0.0114583 0.110185
person 0.290 0.197396 0.214815 0.0302083 0.142593
potted plant 0.3058 0.338802 0.125463 0.0369792 0.0990741
person 0.300 0.0736979 0.327315 0.0307292 0.123148
person 0.350 0.0265625 0.331944 0.040625 0.143519
person 0.350 0.126302 0.288889 0.0338542 0.153704
suitcase 0.4328 0.367188 0.303241 0.108333 0.163889
person 0.440 0.858073 0.037963 0.0161458 0.0666667
person 0.470 0.835156 0.0375 0.0276042 0.0675926
suitcase 0.4828 0.681771 0.664815 0.0635417 0.159259
bicycle 0.501 0.20625 0.925926 0.096875 0.142593
motorcycle 0.523 0.565885 0.642593 0.0411458 0.125926
person 0.640 0.595312 0.0555556 0.028125 0.105556
person 0.670 0.363802 0.166667 0.0296875 0.146296
person 0.740 0.889844 0.075463 0.0286458 0.130556
person 0.760 0.50599 0.103241 0.0244792 0.117593
person 0.760 0.601302 0.158333 0.0234375 0.137037
person 0.820 0.584115 0.591204 0.0619792 0.184259
person 0.830 0.174219 0.883796 0.0817708 0.225
person 0.830 0.567448 0.154167 0.0328125 0.147222
person 0.830 0.0223958 0.614815 0.0447917 0.231481
person 0.850 0.898177 0.638426 0.0640625 0.260185
