person 0.320 0.0734375 0.327315 0.0302083 0.123148
person 0.320 0.0294271 0.332407 0.0338542 0.142593
bicycle 0.341 0.60026 0.565278 0.0255208 0.0972222
person 0.350 0.127344 0.287037 0.0317708 0.15
person 0.360 0.619531 0.0472222 0.0265625 0.0944444
potted plant 0.3758 0.342187 0.125 0.040625 0.109259
car 0.452 0.367188 0.305093 0.107292 0.162037
person 0.480 0.854688 0.0222222 0.0270833 0.0444444
suitcase 0.5028 0.682031 0.665278 0.0630208 0.158333
person 0.580 0.795573 0.0324074 0.0265625 0.0648148
person 0.610 0.901302 0.0569444 0.0296875 0.113889
surfboard 0.6337 0.863542 0.809722 0.028125 0.15463
person 0.720 0.401302 0.136574 0.0296875 0.14537
person 0.740 0.0304688 0.964815 0.0505208 0.0703704
person 0.780 0.627865 0.126852 0.0234375 0.133333
person 0.780 0.598177 0.122685 0.0286458 0.128704
person 0.810 0.621354 0.521759 0.0520833 0.186111
person 0.820 0.476823 0.129167 0.0255208 0.121296
person 0.850 0.0997396 0.538889 0.0546875 0.225926
person 0.860 0.889583 0.758796 0.06875 0.284259
