handbag 0.2526 0.878646 0.736111 0.0395833 0.174074
bicycle 0.281 0.739844 0.0833333 0.0234375 0.0592593
bicycle 0.291 0.799479 0.124074 0.01875 0.0796296
person 0.310 0.0736979 0.326389 0.0307292 0.121296
handbag 0.3326 0.879687 0.750463 0.0333333 0.062037
person 0.360 0.940885 0.626852 0.0380208 0.122222
person 0.390 0.697917 0.0185185 0.0145833 0.037037
potted plant 0.4058 0.34349 0.125463 0.0432292 0.106481
suitcase 0.4128 0.681771 0.665741 0.0625 0.159259
person 0.430 0.0291667 0.331944 0.0354167 0.143519
person 0.550 0.961719 0.235185 0.0411458 0.155556
person 0.640 0.134375 0.340278 0.0364583 0.25463
person 0.640 0.191667 0.293981 0.0354167 0.171296
person 0.650 0.741667 0.0513889 0.0270833 0.102778
bicycle 0.681 0.473698 0.548611 0.0703125 0.158333
person 0.730 0.53724 0.0550926 0.0276042 0.110185
person 0.740 0.784635 0.0912037 0.0411458 0.14537
person 0.740 0.605469 0.037963 0.0213542 0.0759259
person 0.770 0.86849 0.726389 0.0651042 0.239815
person 0.800 0.455729 0.491667 0.0552083 0.203704
person 0.810 0.486458 0.136574 0.0322917 0.14537
person 0.820 0.115104 0.894907 0.0510417 0.20463
person 0.830 0.388542 0.937963 0.0739583 0.124074
person 0.830 0.874479 0.174537 0.0354167 0.152778
person 0.830 0.452604 0.289815 0.0302083 0.17037
person 0.850 0.409115 0.280093 0.0359375 0.167593
