handbag 0.2726 0.549479 0.161111 0.0322917 0.127778
person 0.270 0.0294271 0.332407 0.0359375 0.144444
person 0.310 0.126302 0.288426 0.0348958 0.15463
person 0.360 0.853646 0.0425926 0.0177083 0.0759259
suitcase 0.4028 0.68151 0.664352 0.0630208 0.160185
person 0.420 0.583594 0.0625 0.0276042 0.106481
suitcase 0.4628 0.366667 0.303241 0.108333 0.163889
person 0.510 0.836458 0.0421296 0.025 0.0787037
bicycle 0.611 0.243229 0.89537 0.1 0.205556
person 0.620 0.34401 0.189352 0.0348958 0.126852
bicycle 0.671 0.540365 0.686111 0.0359375 0.122222
person 0.720 0.519792 0.0912037 0.0229167 0.115741
person 0.780 0.55 0.166667 0.034375 0.144444
person 0.790 0.886198 0.0856481 0.0296875 0.130556
person 0.800 0.583073 0.172222 0.0255208 0.140741
person 0.830 0.223958 0.833333 0.0791667 0.281481
person 0.840 0.9125 0.586111 0.0625 0.246296
person 0.860 0.565885 0.639815 0.0598958 0.203704
