person 0.260 0.0294271 0.331944 0.0348958 0.143519
person 0.270 0.126042 0.288426 0.034375 0.152778
bicycle 0.281 0.28099 0.844444 0.0890625 0.207407
bicycle 0.301 0.833854 0.0537037 0.0302083 0.0814815
suitcase 0.3628 0.366927 0.303241 0.106771 0.163889
person 0.460 0.573177 0.0819444 0.0286458 0.119444
suitcase 0.4628 0.68151 0.664352 0.0630208 0.160185
bicycle 0.461 0.523698 0.723611 0.0411458 0.132407
bicycle 0.481 0.846354 0.0518519 0.0208333 0.0796296
person 0.520 0.834896 0.0467593 0.0364583 0.0935185
motorcycle 0.593 0.279948 0.840278 0.0901042 0.210185
person 0.610 0.326042 0.202315 0.028125 0.130556
person 0.650 0.852865 0.947685 0.0526042 0.10463
person 0.690 0.532552 0.0736111 0.0192708 0.10463
person 0.750 0.261719 0.761574 0.0755208 0.230556
person 0.790 0.536719 0.180556 0.0307292 0.142593
person 0.790 0.546615 0.674074 0.0640625 0.212963
person 0.810 0.883073 0.0986111 0.0296875 0.134259
person 0.820 0.56901 0.187037 0.0276042 0.144444
person 0.840 0.920833 0.555093 0.0572917 0.243519
