person 0.300 0.197135 0.216204 0.0286458 0.143519
person 0.320 0.0736979 0.328241 0.0307292 0.125
bicycle 0.341 0.797135 0.0662037 0.0432292 0.132407
person 0.370 0.705469 0.012037 0.0109375 0.0240741
motorcycle 0.383 0.401042 0.643519 0.0760417 0.168519
person 0.380 0.125521 0.287963 0.034375 0.157407
potted plant 0.4158 0.34349 0.126389 0.0421875 0.10463
bicycle 0.421 0.807813 0.0921296 0.0260417 0.0787037
car 0.432 0.367708 0.304167 0.10625 0.158333
bicycle 0.431 0.426562 0.924074 0.0375 0.144444
suitcase 0.4528 0.68151 0.664815 0.0630208 0.159259
motorcycle 0.493 0.427083 0.923148 0.0385417 0.148148
person 0.560 0.558594 0.0453704 0.0255208 0.0907407
person 0.620 0.904688 0.73287 0.0427083 0.119444
person 0.630 0.796615 0.0662037 0.0432292 0.132407
person 0.670 0.525781 0.112037 0.0307292 0.135185
person 0.670 0.247917 0.250926 0.0354167 0.164815
person 0.670 0.585677 0.0509259 0.0203125 0.0944444
bicycle 0.681 0.403646 0.639815 0.0802083 0.17037
person 0.730 0.884635 0.844444 0.0598958 0.211111
person 0.730 0.388281 0.574537 0.0640625 0.20463
person 0.780 0.876042 0.142593 0.0333333 0.148148
person 0.790 0.0338542 0.445833 0.0395833 0.182407
person 0.800 0.497396 0.244907 0.028125 0.15463
person 0.820 0.45625 0.865278 0.06875 0.249074
person 0.840 0.461979 0.236111 0.034375 0.161111
