person 0.250 0.547656 0.0986111 0.0296875 0.139815
person 0.280 0.0736979 0.327315 0.0317708 0.125
person 0.310 0.0289063 0.332407 0.0359375 0.144444
person 0.350 0.12474 0.2875 0.0348958 0.156481
suitcase 0.3928 0.947135 0.472222 0.0494792 0.214815
car 0.392 0.367969 0.302778 0.106771 0.161111
potted plant 0.4458 0.341146 0.125463 0.0427083 0.106481
suitcase 0.4628 0.681771 0.664815 0.0635417 0.159259
bicycle 0.471 0.820312 0.0740741 0.040625 0.087037
person 0.480 0.280469 0.23287 0.0307292 0.139815
person 0.610 0.565885 0.0592593 0.0203125 0.109259
bicycle 0.641 0.465365 0.835185 0.0369792 0.138889
person 0.680 0.808073 0.0555556 0.0369792 0.111111
person 0.690 0.342969 0.643056 0.0692708 0.234259
person 0.720 0.525781 0.224537 0.0276042 0.149074
bicycle 0.721 0.358333 0.712037 0.0791667 0.188889
person 0.790 0.875521 0.871759 0.0645833 0.24537
person 0.800 0.878906 0.121296 0.0317708 0.140741
person 0.820 0.492188 0.212037 0.0322917 0.155556
person 0.850 0.49349 0.786574 0.0651042 0.234259
