handbag 0.2626 0.761979 0.899074 0.0145833 0.0537037
person 0.260 0.990885 0.89537 0.0182292 0.190741
person 0.270 0.0736979 0.326852 0.0296875 0.125926
person 0.300 0.127344 0.2875 0.0317708 0.149074
potted plant 0.3658 0.342187 0.125463 0.0395833 0.10463
suitcase 0.4528 0.367188 0.304167 0.107292 0.162037
suitcase 0.4928 0.682031 0.663889 0.0630208 0.159259
bicycle 0.491 0.665885 0.443056 0.0348958 0.110185
person 0.660 0.748698 0.0472222 0.0296875 0.0944444
person 0.680 0.675781 0.405093 0.0505208 0.160185
person 0.680 0.465885 0.0898148 0.0244792 0.127778
person 0.750 0.675521 0.0768519 0.021875 0.12963
person 0.770 0.644792 0.0773148 0.0291667 0.134259
person 0.800 0.397135 0.171296 0.0255208 0.109259
person 0.820 0.0429688 0.433796 0.0463542 0.191667
person 0.830 0.854948 0.925 0.0671875 0.148148
person 0.880 0.784896 0.891667 0.0614583 0.211111
person 0.880 0.207813 0.426389 0.0458333 0.206481
