suitcase 0.2528 0.865625 0.760648 0.0270833 0.150926
handbag 0.2526 0.864323 0.756481 0.0244792 0.153704
person 0.260 0.197396 0.214815 0.0302083 0.140741
person 0.310 0.861979 0.024537 0.0145833 0.0472222
potted plant 0.3158 0.339844 0.124537 0.0411458 0.108333
person 0.340 0.0736979 0.327315 0.0307292 0.123148
person 0.360 0.127083 0.2875 0.0322917 0.149074
person 0.400 0.60651 0.05 0.0223958 0.1
car 0.412 0.367708 0.303241 0.108333 0.163889
person 0.430 0.848698 0.0310185 0.0286458 0.062037
person 0.500 0.3875 0.151852 0.0260417 0.124074
suitcase 0.5228 0.681771 0.665278 0.0635417 0.158333
motorcycle 0.533 0.591406 0.592593 0.0369792 0.118519
person 0.680 0.80599 0.0310185 0.0265625 0.0601852
person 0.750 0.897396 0.0611111 0.0302083 0.122222
person 0.760 0.488281 0.118519 0.0255208 0.118519
person 0.770 0.586198 0.131019 0.0286458 0.134259
person 0.780 0.891927 0.70463 0.0682292 0.257407
person 0.790 0.60625 0.547222 0.05625 0.185185
person 0.800 0.619271 0.137963 0.0239583 0.131481
person 0.870 0.105729 0.92963 0.0989583 0.138889
person 0.890 0.071875 0.57037 0.0645833 0.222222
