person 0.280 0.0289063 0.331944 0.0348958 0.143519
car 0.282 0.368229 0.303241 0.107292 0.165741
potted plant 0.2858 0.340625 0.121759 0.0416667 0.0990741
person 0.290 0.318229 0.208796 0.0260417 0.125
person 0.310 0.845052 0.0513889 0.0255208 0.0916667
person 0.320 0.125781 0.288889 0.0338542 0.153704
person 0.400 0.567187 0.0800926 0.0270833 0.123148
person 0.450 0.832031 0.050463 0.0421875 0.0972222
bicycle 0.461 0.842708 0.0587963 0.0260417 0.0805556
suitcase 0.5128 0.681771 0.664815 0.0635417 0.159259
person 0.540 0.538542 0.0782407 0.0208333 0.110185
bicycle 0.611 0.511458 0.742593 0.0385417 0.133333
bicycle 0.641 0.295833 0.810648 0.0916667 0.206481
person 0.680 0.852604 0.935648 0.0604167 0.128704
person 0.740 0.277865 0.743519 0.0703125 0.257407
person 0.760 0.882031 0.0990741 0.0307292 0.135185
person 0.760 0.527865 0.187037 0.0317708 0.144444
person 0.800 0.559375 0.191667 0.0291667 0.144444
person 0.820 0.927083 0.534259 0.0572917 0.231481
person 0.820 0.536979 0.691204 0.0625 0.20463
