motorcycle 0.263 0.460417 0.846759 0.0354167 0.134259
person 0.270 0.197135 0.214815 0.0296875 0.140741
person 0.280 0.0731771 0.324537 0.0328125 0.125
person 0.280 0.0260417 0.331481 0.0427083 0.144444
suitcase 0.3228 0.947135 0.471296 0.0473958 0.214815
person 0.330 0.12474 0.287963 0.0348958 0.157407
person 0.360 0.545313 0.10463 0.028125 0.12963
person 0.380 0.278906 0.230556 0.0286458 0.144444
car 0.392 0.367448 0.303241 0.106771 0.162037
potted plant 0.4258 0.341406 0.125463 0.0432292 0.106481
bicycle 0.421 0.460677 0.848611 0.0359375 0.137963
bicycle 0.481 0.819271 0.0740741 0.040625 0.087037
suitcase 0.5028 0.681771 0.664815 0.0635417 0.159259
person 0.650 0.566146 0.0592593 0.0208333 0.111111
person 0.680 0.807813 0.0560185 0.0354167 0.112037
bicycle 0.681 0.361458 0.70463 0.0802083 0.183333
person 0.750 0.523177 0.225463 0.0276042 0.149074
person 0.770 0.346354 0.643981 0.065625 0.24537
person 0.780 0.876562 0.856019 0.0604167 0.241667
person 0.810 0.878906 0.122222 0.0317708 0.140741
person 0.810 0.489583 0.215278 0.0333333 0.150926
person 0.840 0.489323 0.7875 0.0671875 0.228704
