car 0.272 0.368229 0.302315 0.108333 0.169444
person 0.270 0.0736979 0.327315 0.0317708 0.125
person 0.280 0.0289063 0.332407 0.0359375 0.142593
bicycle 0.281 0.820312 0.0564815 0.0333333 0.103704
handbag 0.3126 0.919271 0.542593 0.0260417 0.135185
person 0.330 0.126042 0.287963 0.034375 0.155556
person 0.360 0.576302 0.0393519 0.0255208 0.0787037
suitcase 0.3928 0.681771 0.665278 0.0635417 0.160185
potted plant 0.4258 0.341146 0.125463 0.0447917 0.108333
bicycle 0.451 0.836458 0.0638889 0.0291667 0.0796296
bicycle 0.491 0.49401 0.780556 0.0432292 0.133333
person 0.530 0.530729 0.199074 0.0520833 0.144444
person 0.540 0.561979 0.0865741 0.0322917 0.149074
person 0.570 0.820573 0.0546296 0.0338542 0.109259
bicycle 0.631 0.323177 0.768981 0.0838542 0.197222
person 0.630 0.303385 0.219444 0.0442708 0.135185
person 0.720 0.878906 0.109259 0.0307292 0.135185
person 0.750 0.305208 0.698611 0.0697917 0.241667
person 0.770 0.547396 0.204167 0.0260417 0.14537
person 0.770 0.867188 0.907407 0.0770833 0.183333
person 0.790 0.940365 0.50787 0.0526042 0.226852
person 0.820 0.518229 0.721759 0.0645833 0.215741
person 0.840 0.514844 0.199074 0.0317708 0.153704
