person 0.270 0.0736979 0.327315 0.0317708 0.125
person 0.280 0.0291667 0.331944 0.0354167 0.143519
bicycle 0.341 0.821094 0.0583333 0.0463542 0.103704
person 0.360 0.12474 0.2875 0.0348958 0.156481
car 0.402 0.367708 0.303241 0.107292 0.162037
suitcase 0.4128 0.68151 0.665278 0.0630208 0.160185
potted plant 0.4458 0.341146 0.125463 0.0427083 0.106481
person 0.470 0.573698 0.0365741 0.0244792 0.0731481
person 0.490 0.291406 0.226389 0.0296875 0.136111
bicycle 0.501 0.83125 0.0726852 0.0291667 0.0768519
bicycle 0.521 0.478906 0.810648 0.0401042 0.136111
person 0.530 0.554167 0.0990741 0.0291667 0.148148
person 0.580 0.815365 0.0537037 0.0390625 0.107407
person 0.620 0.944531 0.497222 0.0494792 0.22037
bicycle 0.631 0.336979 0.734259 0.0864583 0.198148
person 0.710 0.326302 0.680556 0.0734375 0.242593
person 0.760 0.534635 0.212037 0.0338542 0.148148
person 0.770 0.878385 0.114815 0.0296875 0.138889
person 0.790 0.875 0.8875 0.071875 0.217593
person 0.810 0.504427 0.208333 0.0348958 0.153704
person 0.870 0.504167 0.752315 0.0635417 0.225
