person 0.260 0.832031 0.0328704 0.0494792 0.0657407
person 0.260 0.197396 0.214815 0.0302083 0.142593
person 0.280 0.00572917 0.348611 0.0114583 0.110185
person 0.300 0.857552 0.0361111 0.0223958 0.062963
bicycle 0.311 0.585938 0.608796 0.0510417 0.136111
handbag 0.3126 0.867188 0.705093 0.0239583 0.130556
potted plant 0.3258 0.339323 0.125 0.0390625 0.105556
person 0.330 0.0734375 0.327315 0.0302083 0.123148
bicycle 0.331 0.182292 0.954167 0.0833333 0.0916667
person 0.350 0.0263021 0.331481 0.0411458 0.144444
suitcase 0.3628 0.367708 0.300926 0.109375 0.174074
person 0.370 0.126042 0.289352 0.034375 0.15463
person 0.440 0.603125 0.0481481 0.0270833 0.0962963
suitcase 0.4828 0.681771 0.664815 0.0635417 0.159259
person 0.490 0.843229 0.0351852 0.0229167 0.0703704
person 0.530 0.816927 0.0296296 0.0223958 0.0592593
bicycle 0.621 0.574479 0.622222 0.0270833 0.107407
person 0.750 0.892708 0.0671296 0.0291667 0.125
person 0.760 0.576563 0.142593 0.03125 0.140741
person 0.780 0.609115 0.147222 0.0244792 0.131481
person 0.780 0.376042 0.153241 0.0322917 0.139815
person 0.800 0.896875 0.6625 0.0697917 0.260185
person 0.810 0.498437 0.112037 0.0239583 0.12037
person 0.810 0.139583 0.901389 0.08125 0.189815
person 0.830 0.595312 0.573611 0.05625 0.193519
person 0.860 0.0395833 0.588426 0.0604167 0.225
