person 0.290 0.0736979 0.327315 0.0317708 0.125
person 0.290 0.874479 0.0189815 0.0197917 0.037963
person 0.330 0.830208 0.0685185 0.03125 0.0796296
car 0.342 0.367708 0.302778 0.107292 0.162963
person 0.340 0.0289063 0.331944 0.0359375 0.14537
suitcase 0.3728 0.68151 0.665278 0.0630208 0.160185
person 0.390 0.12474 0.287963 0.0348958 0.157407
potted plant 0.4358 0.341406 0.125463 0.0432292 0.10463
person 0.470 0.571615 0.0365741 0.0223958 0.0731481
motorcycle 0.503 0.475 0.817593 0.0395833 0.138889
bicycle 0.531 0.34401 0.729167 0.0838542 0.191667
bicycle 0.551 0.829948 0.0717593 0.0317708 0.0787037
person 0.620 0.944271 0.489815 0.05 0.218519
person 0.620 0.810677 0.0541667 0.0359375 0.108333
person 0.620 0.553385 0.100463 0.0317708 0.141667
person 0.660 0.28776 0.231019 0.0328125 0.141667
person 0.750 0.330469 0.664815 0.0692708 0.22963
person 0.750 0.533073 0.214815 0.0359375 0.15
person 0.790 0.502604 0.20787 0.0322917 0.152778
person 0.800 0.878906 0.118981 0.0307292 0.141667
person 0.820 0.87474 0.886574 0.0723958 0.226852
person 0.860 0.501042 0.756944 0.0635417 0.219444
