person 0.270 0.126042 0.288426 0.034375 0.152778
surfboard 0.2837 0.892187 0.609722 0.0239583 0.119444
person 0.320 0.0294271 0.331944 0.0348958 0.143519
person 0.330 0.850521 0.0476852 0.021875 0.0787037
bicycle 0.341 0.847917 0.0509259 0.0229167 0.0759259
suitcase 0.3528 0.366927 0.303241 0.107813 0.162037
person 0.430 0.579167 0.0768519 0.0322917 0.118519
suitcase 0.4628 0.68151 0.664815 0.0630208 0.159259
person 0.490 0.836458 0.0449074 0.0333333 0.087963
person 0.500 0.527083 0.0893519 0.0208333 0.102778
person 0.520 0.561719 0.177315 0.0463542 0.143519
bicycle 0.601 0.528385 0.714352 0.0411458 0.123148
bicycle 0.631 0.273958 0.85787 0.0875 0.212037
person 0.670 0.33151 0.196759 0.0276042 0.123148
person 0.730 0.854948 0.961111 0.0463542 0.0777778
person 0.780 0.24974 0.794444 0.0776042 0.268519
person 0.790 0.574479 0.183333 0.025 0.138889
person 0.840 0.539844 0.176389 0.0307292 0.141667
person 0.840 0.883854 0.0888889 0.028125 0.135185
person 0.850 0.916927 0.571759 0.0609375 0.247222
person 0.860 0.551823 0.667593 0.0598958 0.224074
