person 0.270 0.828646 0.0685185 0.0302083 0.0814815
car 0.302 0.367708 0.302778 0.107292 0.162963
person 0.310 0.569531 0.0365741 0.0223958 0.0731481
person 0.310 0.0739583 0.327315 0.0322917 0.125
person 0.320 0.0289063 0.332407 0.0359375 0.144444
bicycle 0.331 0.816146 0.0615741 0.046875 0.110185
suitcase 0.3628 0.946094 0.482407 0.0494792 0.214815
person 0.370 0.12474 0.2875 0.0348958 0.156481
suitcase 0.4128 0.681771 0.664815 0.0635417 0.159259
person 0.430 0.944531 0.483333 0.0484375 0.214815
potted plant 0.4358 0.341406 0.125463 0.0432292 0.106481
person 0.430 0.552344 0.0902778 0.0338542 0.149074
bicycle 0.481 0.828125 0.0722222 0.03125 0.0777778
bicycle 0.541 0.471094 0.822685 0.0369792 0.141667
bicycle 0.611 0.350521 0.72037 0.08125 0.192593
person 0.650 0.809375 0.0541667 0.0375 0.108333
person 0.660 0.286198 0.234259 0.0348958 0.137037
person 0.720 0.496615 0.764815 0.0661458 0.216667
person 0.740 0.334635 0.65787 0.0682292 0.236111
person 0.800 0.528385 0.22037 0.0296875 0.148148
person 0.800 0.879167 0.119907 0.03125 0.141667
person 0.800 0.87526 0.883333 0.0692708 0.233333
person 0.810 0.497656 0.212037 0.0307292 0.155556
