person 0.250 0.276563 0.236111 0.0291667 0.12963
suitcase 0.2728 0.948177 0.467593 0.0463542 0.22037
person 0.280 0.196615 0.214815 0.0286458 0.140741
person 0.290 0.0736979 0.327315 0.0317708 0.125
car 0.322 0.367708 0.303241 0.10625 0.162037
person 0.330 0.0260417 0.331019 0.0427083 0.14537
person 0.350 0.12474 0.2875 0.0348958 0.156481
potted plant 0.4158 0.342969 0.125463 0.0432292 0.10463
bicycle 0.481 0.815104 0.0689815 0.0458333 0.0935185
person 0.490 0.542708 0.101389 0.0260417 0.136111
suitcase 0.5028 0.681771 0.664815 0.0635417 0.159259
bicycle 0.671 0.364323 0.69537 0.0807292 0.187037
person 0.680 0.808333 0.0555556 0.0354167 0.111111
person 0.690 0.352865 0.641667 0.0671875 0.248148
bicycle 0.721 0.458854 0.855556 0.0375 0.135185
person 0.730 0.878125 0.848148 0.05625 0.240741
person 0.740 0.567969 0.0550926 0.0182292 0.110185
person 0.810 0.486458 0.220833 0.034375 0.156481
person 0.810 0.520833 0.22963 0.0260417 0.148148
person 0.830 0.878906 0.125926 0.0317708 0.138889
person 0.880 0.484115 0.791204 0.0692708 0.228704
