person 0.270 0.0734375 0.327315 0.0302083 0.125
suitcase 0.2728 0.867188 0.850926 0.0291667 0.166667
car 0.322 0.367448 0.304167 0.107813 0.162037
surfboard 0.3337 0.865885 0.848611 0.0286458 0.171296
person 0.330 0.0294271 0.332407 0.0338542 0.142593
person 0.360 0.125781 0.288889 0.0328125 0.153704
potted plant 0.3758 0.340885 0.125463 0.0421875 0.106481
bicycle 0.401 0.616667 0.536574 0.034375 0.117593
person 0.430 0.860156 0.0194444 0.0171875 0.0388889
person 0.430 0.852344 0.0199074 0.0223958 0.0398148
suitcase 0.6328 0.682292 0.664352 0.0635417 0.158333
person 0.650 0.905469 0.0541667 0.0317708 0.108333
person 0.700 0.784375 0.0342593 0.0260417 0.0685185
person 0.780 0.4125 0.130093 0.0270833 0.130556
person 0.790 0.639063 0.11713 0.0229167 0.132407
person 0.800 0.607813 0.113426 0.0291667 0.136111
person 0.810 0.463542 0.138889 0.0229167 0.122222
person 0.820 0.63099 0.494907 0.0536458 0.175
person 0.830 0.892448 0.791667 0.0661458 0.288889
person 0.870 0.124219 0.512037 0.0546875 0.214815
