handbag 0.2726 0.865885 0.704167 0.0630208 0.243519
person 0.290 0.0734375 0.325926 0.03125 0.122222
bicycle 0.341 0.795313 0.129167 0.0229167 0.0861111
person 0.350 0.697656 0.0189815 0.0130208 0.037963
bicycle 0.361 0.782812 0.102315 0.0458333 0.141667
handbag 0.3726 0.117969 0.94537 0.0296875 0.0925926
person 0.400 0.126302 0.289352 0.0317708 0.160185
potted plant 0.4058 0.34375 0.125463 0.0416667 0.106481
bicycle 0.411 0.729948 0.0884259 0.0255208 0.0675926
person 0.430 0.0291667 0.331481 0.0354167 0.144444
handbag 0.4526 0.877344 0.727315 0.0338542 0.0638889
suitcase 0.5028 0.68151 0.664815 0.0630208 0.159259
person 0.600 0.782031 0.0981481 0.0421875 0.144444
person 0.610 0.153125 0.379167 0.046875 0.158333
person 0.640 0.732292 0.0592593 0.0270833 0.109259
person 0.650 0.179948 0.288889 0.0380208 0.185185
bicycle 0.711 0.478385 0.534722 0.0817708 0.150926
person 0.720 0.609115 0.0361111 0.0203125 0.0722222
person 0.730 0.959896 0.238426 0.040625 0.15463
person 0.750 0.532292 0.0564815 0.028125 0.112963
person 0.750 0.480729 0.136111 0.0302083 0.15
person 0.770 0.378385 0.950463 0.0765625 0.0990741
person 0.780 0.465365 0.481944 0.0536458 0.208333
person 0.810 0.864062 0.707407 0.0635417 0.253704
person 0.820 0.402865 0.284259 0.0421875 0.174074
person 0.840 0.136458 0.883333 0.0604167 0.22963
person 0.840 0.44375 0.299537 0.0333333 0.169444
person 0.850 0.875 0.179167 0.034375 0.158333
