person 0.270 0.859375 0.0106481 0.025 0.0212963
person 0.290 0.127344 0.287963 0.0317708 0.148148
car 0.302 0.367188 0.305093 0.107292 0.158333
person 0.350 0.990885 0.900463 0.0182292 0.19537
potted plant 0.4058 0.342448 0.125926 0.0411458 0.105556
bicycle 0.511 0.65026 0.46713 0.0276042 0.0972222
suitcase 0.5428 0.682031 0.664352 0.0630208 0.160185
person 0.560 0.452083 0.102778 0.0229167 0.127778
person 0.690 0.414844 0.156944 0.0213542 0.108333
person 0.710 0.633854 0.0828704 0.0270833 0.123148
person 0.720 0.0192708 0.459722 0.0375 0.182407
person 0.740 0.75625 0.0449074 0.0270833 0.0898148
person 0.780 0.665365 0.422222 0.0515625 0.157407
person 0.810 0.664323 0.0884259 0.0234375 0.128704
person 0.850 0.190885 0.446759 0.0494792 0.199074
person 0.860 0.876042 0.894907 0.0739583 0.206481
person 0.870 0.770052 0.918056 0.0640625 0.163889
