car 0.252 0.368229 0.302778 0.108333 0.168519
person 0.260 0.197396 0.213889 0.0302083 0.142593
person 0.300 0.0734375 0.326852 0.0302083 0.124074
person 0.300 0.00572917 0.349074 0.0114583 0.111111
person 0.310 0.859115 0.0375 0.0151042 0.0638889
suitcase 0.3128 0.367448 0.302315 0.108854 0.171296
surfboard 0.3437 0.869531 0.696296 0.0223958 0.138889
person 0.360 0.58776 0.150926 0.0588542 0.12963
person 0.370 0.126042 0.288889 0.034375 0.155556
person 0.390 0.0268229 0.331481 0.0411458 0.144444
person 0.430 0.821094 0.0314815 0.0244792 0.062963
bicycle 0.461 0.195052 0.938426 0.0807292 0.123148
suitcase 0.4728 0.681771 0.664815 0.0635417 0.159259
person 0.510 0.838021 0.0375 0.0239583 0.0675926
person 0.510 0.600781 0.050463 0.0307292 0.100926
bicycle 0.541 0.569792 0.630093 0.03125 0.128704
person 0.740 0.891927 0.0680556 0.0286458 0.132407
person 0.770 0.154167 0.89213 0.078125 0.215741
person 0.780 0.369271 0.15463 0.03125 0.144444
person 0.780 0.571094 0.147222 0.0317708 0.138889
person 0.790 0.605469 0.15463 0.0223958 0.12963
person 0.820 0.5 0.109259 0.021875 0.114815
person 0.820 0.896354 0.656018 0.0666667 0.263889
person 0.850 0.589323 0.580556 0.0598958 0.190741
person 0.870 0.0304688 0.60787 0.0588542 0.237963
