handbag 0.2526 0.867448 0.700926 0.0234375 0.12963
car 0.252 0.36875 0.302315 0.108333 0.169444
bicycle 0.281 0.58776 0.590741 0.0567708 0.181481
suitcase 0.3028 0.367448 0.302778 0.108854 0.164815
person 0.310 0.00572917 0.348611 0.0114583 0.110185
person 0.310 0.0734375 0.326852 0.0302083 0.122222
potted plant 0.3158 0.339063 0.124537 0.0385417 0.10463
person 0.350 0.859896 0.0365741 0.015625 0.0638889
person 0.360 0.125781 0.289352 0.0348958 0.15463
person 0.370 0.590625 0.146296 0.0614583 0.131481
person 0.380 0.0263021 0.331481 0.0411458 0.144444
suitcase 0.4028 0.68151 0.664815 0.0640625 0.159259
bicycle 0.411 0.189583 0.948611 0.078125 0.100926
person 0.440 0.840885 0.037037 0.0244792 0.0648148
person 0.450 0.602083 0.0476852 0.0291667 0.0953704
person 0.530 0.81849 0.0296296 0.0234375 0.0592593
bicycle 0.651 0.571875 0.623611 0.0291667 0.112037
person 0.720 0.372135 0.152778 0.0307292 0.144444
person 0.730 0.573698 0.143981 0.0307292 0.139815
person 0.760 0.892708 0.0671296 0.0291667 0.132407
person 0.780 0.146354 0.893981 0.078125 0.199074
person 0.800 0.606771 0.150926 0.0239583 0.127778
person 0.810 0.498958 0.110648 0.0229167 0.117593
person 0.840 0.592969 0.576389 0.0588542 0.191667
person 0.840 0.896875 0.659722 0.06875 0.265741
person 0.880 0.0341146 0.600926 0.0609375 0.237037
