person 0.270 0.00546875 0.350463 0.0109375 0.106481
suitcase 0.3428 0.366927 0.303704 0.107813 0.164815
person 0.340 0.126823 0.2875 0.0276042 0.143519
potted plant 0.3758 0.342969 0.123148 0.0411458 0.105556
person 0.410 0.628646 0.0162037 0.015625 0.0324074
person 0.520 0.0302083 0.33287 0.0333333 0.14537
suitcase 0.5428 0.681771 0.664815 0.0635417 0.159259
bicycle 0.551 0.66901 0.425463 0.0203125 0.0972222
person 0.640 0.745573 0.050463 0.0276042 0.100926
person 0.710 0.478125 0.0800926 0.0229167 0.136111
person 0.750 0.652344 0.0689815 0.0307292 0.123148
person 0.770 0.683073 0.385648 0.0473958 0.162037
person 0.790 0.379167 0.184259 0.0197917 0.114815
person 0.800 0.0697917 0.422222 0.0510417 0.190741
person 0.810 0.683333 0.0703704 0.0229167 0.124074
person 0.830 0.842448 0.950926 0.0671875 0.0981481
person 0.860 0.221615 0.398148 0.0473958 0.196296
person 0.870 0.790365 0.874537 0.0598958 0.250926
