person 0.280 0.604167 0.565278 0.0427083 0.123148
potted plant 0.3158 0.341667 0.124537 0.0385417 0.108333
person 0.320 0.859896 0.0226852 0.01875 0.0453704
person 0.330 0.0270833 0.331944 0.040625 0.143519
person 0.340 0.0734375 0.327315 0.0302083 0.125
car 0.372 0.367448 0.305093 0.107813 0.162037
person 0.380 0.127083 0.287037 0.0322917 0.15
suitcase 0.5728 0.682031 0.665278 0.0630208 0.158333
person 0.570 0.851042 0.0273148 0.0322917 0.0546296
bicycle 0.611 0.598437 0.571759 0.0322917 0.115741
person 0.650 0.799219 0.0314815 0.0244792 0.062963
person 0.650 0.899479 0.0587963 0.0302083 0.117593
person 0.730 0.396875 0.142593 0.0291667 0.142593
person 0.750 0.62526 0.131481 0.0244792 0.133333
person 0.770 0.594531 0.125463 0.0286458 0.136111
person 0.820 0.615885 0.524537 0.0557292 0.186111
person 0.820 0.888542 0.733333 0.0708333 0.275926
person 0.830 0.479948 0.125 0.0244792 0.12037
person 0.840 0.0559896 0.958333 0.0723958 0.0833333
person 0.860 0.0890625 0.541667 0.0552083 0.218519
