person 0.280 0.0731771 0.327315 0.0296875 0.125
person 0.320 0.0296875 0.332407 0.034375 0.142593
surfboard 0.3337 0.867708 0.869444 0.0270833 0.174074
person 0.370 0.125521 0.288889 0.0322917 0.153704
person 0.380 0.748177 0.980093 0.0307292 0.0361111
person 0.380 0.852604 0.0194444 0.0208333 0.0388889
person 0.380 0.907552 0.0518519 0.0296875 0.103704
person 0.380 0.860677 0.0189815 0.0161458 0.037963
car 0.392 0.367188 0.304167 0.107292 0.162037
potted plant 0.4158 0.340625 0.125463 0.0427083 0.108333
bicycle 0.521 0.61875 0.533796 0.0333333 0.102778
suitcase 0.5328 0.682031 0.664815 0.0630208 0.157407
person 0.730 0.78125 0.0361111 0.028125 0.0722222
person 0.760 0.416406 0.125463 0.0244792 0.130556
person 0.780 0.609896 0.110185 0.0270833 0.135185
person 0.800 0.641406 0.115741 0.0213542 0.131481
person 0.810 0.458854 0.137963 0.0270833 0.125926
person 0.830 0.634115 0.487963 0.0546875 0.174074
person 0.840 0.891406 0.812963 0.0651042 0.292593
person 0.880 0.135156 0.508796 0.0588542 0.212037
