skateboard 0.3136 0.00755208 0.537963 0.0140625 0.0574074
person 0.310 0.70625 0.0106481 0.0114583 0.0212963
skateboard 0.3236 0.0148437 0.537037 0.0296875 0.0555556
person 0.350 0.196094 0.216667 0.0286458 0.146296
car 0.352 0.367969 0.303704 0.106771 0.162963
person 0.350 0.0114583 0.454167 0.021875 0.186111
person 0.360 0.0268229 0.331019 0.0411458 0.14537
person 0.370 0.0739583 0.327315 0.0322917 0.125
potted plant 0.3858 0.343229 0.125926 0.04375 0.103704
person 0.390 0.12526 0.287963 0.0348958 0.157407
suitcase 0.4028 0.68151 0.665278 0.0630208 0.158333
person 0.480 0.803385 0.0569444 0.0390625 0.113889
bicycle 0.491 0.810156 0.0847222 0.0411458 0.087963
person 0.560 0.890625 0.769907 0.0510417 0.132407
person 0.580 0.536458 0.112963 0.028125 0.131481
person 0.610 0.8875 0.856019 0.0541667 0.175
person 0.610 0.575781 0.0527778 0.0223958 0.105556
bicycle 0.641 0.447656 0.881944 0.0411458 0.14537
bicycle 0.681 0.382552 0.672222 0.0765625 0.177778
person 0.710 0.36849 0.616204 0.0640625 0.24537
person 0.760 0.477344 0.225463 0.0338542 0.162037
person 0.780 0.511458 0.234259 0.0291667 0.151852
person 0.800 0.266927 0.237037 0.0411458 0.161111
person 0.840 0.875781 0.132407 0.0328125 0.138889
person 0.840 0.471875 0.828241 0.071875 0.252778
