person 0.270 0.197396 0.214815 0.0302083 0.140741
car 0.282 0.36849 0.302315 0.108854 0.169444
bicycle 0.311 0.582812 0.606019 0.0291667 0.113889
person 0.320 0.0734375 0.327315 0.0302083 0.123148
suitcase 0.3328 0.367708 0.302315 0.109375 0.171296
potted plant 0.3358 0.339844 0.125463 0.0411458 0.106481
person 0.330 0.0260417 0.331944 0.040625 0.143519
person 0.380 0.127083 0.2875 0.0333333 0.150926
person 0.480 0.845573 0.037963 0.0276042 0.0666667
person 0.490 0.604948 0.0481481 0.0255208 0.0962963
person 0.640 0.809635 0.0310185 0.0213542 0.062037
suitcase 0.6528 0.681771 0.664815 0.0635417 0.159259
person 0.740 0.613281 0.144444 0.0265625 0.133333
person 0.750 0.581771 0.1375 0.0333333 0.139815
person 0.770 0.380469 0.151852 0.0296875 0.140741
person 0.770 0.895312 0.0657407 0.028125 0.125926
person 0.790 0.494531 0.11713 0.0265625 0.119444
person 0.800 0.120573 0.918056 0.0901042 0.163889
person 0.810 0.89375 0.685185 0.06875 0.257407
person 0.830 0.601823 0.557407 0.0546875 0.188889
person 0.880 0.0539063 0.574537 0.0598958 0.226852
