person 0.280 0.859115 0.0115741 0.0244792 0.0231481
person 0.320 0.0726563 0.327778 0.0317708 0.127778
person 0.320 0.990885 0.894907 0.0182292 0.191667
person 0.320 0.127344 0.2875 0.0317708 0.149074
bicycle 0.381 0.647917 0.483796 0.0385417 0.102778
potted plant 0.3858 0.342708 0.125926 0.0416667 0.105556
person 0.400 0.0265625 0.330093 0.0395833 0.14537
suitcase 0.5328 0.682031 0.663889 0.0630208 0.159259
person 0.670 0.0184896 0.445833 0.0369792 0.228704
person 0.670 0.759896 0.0425926 0.0260417 0.0851852
person 0.740 0.659375 0.4375 0.0520833 0.171296
person 0.760 0.628646 0.0912037 0.028125 0.123148
person 0.760 0.661198 0.0958333 0.0234375 0.128704
person 0.770 0.426042 0.160185 0.028125 0.116667
person 0.840 0.177865 0.45463 0.0484375 0.203704
person 0.870 0.766667 0.928704 0.0635417 0.140741
person 0.870 0.879687 0.880556 0.0635417 0.238889
