bicycle 0.251 0.803125 0.109722 0.0229167 0.0768519
person 0.260 0.196615 0.214352 0.0276042 0.14537
bicycle 0.311 0.403646 0.953704 0.040625 0.0925926
person 0.320 0.0708333 0.311111 0.028125 0.0962963
car 0.322 0.368229 0.303704 0.10625 0.155556
motorcycle 0.343 0.404167 0.953704 0.0416667 0.0925926
person 0.360 0.125521 0.2875 0.0333333 0.152778
person 0.380 0.0294271 0.331944 0.0338542 0.141667
person 0.380 0.703646 0.0134259 0.0125 0.0268519
potted plant 0.4258 0.34375 0.126389 0.0427083 0.10463
suitcase 0.6328 0.681771 0.665278 0.0635417 0.160185
person 0.640 0.921094 0.696759 0.0348958 0.139815
person 0.670 0.790365 0.0712963 0.0421875 0.138889
person 0.700 0.508854 0.119907 0.0260417 0.14537
person 0.730 0.0270833 0.956944 0.0520833 0.0842593
person 0.740 0.548958 0.0481481 0.0270833 0.0962963
bicycle 0.751 0.427604 0.603241 0.0854167 0.162037
person 0.760 0.433854 0.893519 0.0708333 0.203704
person 0.760 0.59375 0.0458333 0.021875 0.0898148
person 0.770 0.0736979 0.422222 0.0380208 0.175926
person 0.780 0.415365 0.544444 0.0619792 0.207407
person 0.820 0.441927 0.25463 0.0369792 0.159259
person 0.830 0.228125 0.266204 0.0354167 0.156481
person 0.850 0.875 0.154167 0.0333333 0.147222
person 0.860 0.482552 0.261574 0.0265625 0.169444
person 0.870 0.88151 0.799074 0.0640625 0.225926
