person 0.260 0.00546875 0.492593 0.0109375 0.131481
bicycle 0.271 0.808333 0.0643518 0.040625 0.112037
person 0.310 0.0734375 0.328241 0.0322917 0.128704
person 0.310 0.196875 0.215741 0.028125 0.140741
suitcase 0.3428 0.68151 0.664815 0.0630208 0.159259
person 0.360 0.125521 0.287963 0.034375 0.155556
person 0.370 0.0294271 0.332407 0.0348958 0.144444
potted plant 0.3958 0.34349 0.125463 0.0432292 0.10463
car 0.462 0.367708 0.303241 0.107292 0.162037
person 0.500 0.538281 0.112963 0.0234375 0.112963
bicycle 0.531 0.818229 0.0787037 0.03125 0.0851852
person 0.600 0.808073 0.0564815 0.0390625 0.112963
bicycle 0.641 0.451823 0.868981 0.0401042 0.143519
bicycle 0.651 0.370052 0.685648 0.0848958 0.176852
person 0.740 0.270833 0.237037 0.0364583 0.153704
person 0.740 0.882812 0.84537 0.05625 0.242593
person 0.740 0.571354 0.0550926 0.021875 0.110185
person 0.790 0.359635 0.624537 0.0671875 0.230556
person 0.800 0.483073 0.221759 0.0359375 0.160185
person 0.830 0.517448 0.232407 0.0265625 0.148148
person 0.830 0.877344 0.130556 0.0317708 0.138889
person 0.870 0.479167 0.801389 0.0697917 0.230556
