person 0.280 0.0729167 0.327778 0.0322917 0.127778
person 0.320 0.990885 0.894444 0.0182292 0.192593
person 0.320 0.127344 0.287963 0.0317708 0.15
person 0.340 0.0307292 0.331019 0.03125 0.139815
potted plant 0.3758 0.342708 0.125926 0.040625 0.105556
bicycle 0.501 0.647135 0.480093 0.0328125 0.0935185
suitcase 0.5528 0.682031 0.663889 0.0630208 0.159259
person 0.550 0.758594 0.0439815 0.0265625 0.087963
person 0.750 0.630208 0.0861111 0.028125 0.12037
person 0.760 0.661719 0.0939815 0.0223958 0.128704
person 0.760 0.661719 0.43287 0.0515625 0.169444
person 0.770 0.0164062 0.456481 0.0328125 0.2
person 0.790 0.423958 0.162037 0.0270833 0.118519
person 0.850 0.182552 0.450926 0.0515625 0.203704
person 0.870 0.878906 0.887037 0.0651042 0.225926
person 0.880 0.76901 0.923148 0.0630208 0.151852
