person 0.260 0.909115 0.0490741 0.0276042 0.0981481
suitcase 0.2628 0.866667 0.875926 0.0260417 0.168519
surfboard 0.3037 0.867969 0.877778 0.0255208 0.164815
person 0.300 0.0731771 0.327315 0.0296875 0.125
person 0.340 0.0294271 0.331944 0.0348958 0.143519
person 0.380 0.125781 0.289352 0.0328125 0.152778
potted plant 0.3958 0.342708 0.125463 0.0427083 0.108333
person 0.440 0.854167 0.0185185 0.028125 0.037037
car 0.462 0.367448 0.303704 0.107813 0.162963
suitcase 0.5028 0.682031 0.664352 0.0630208 0.158333
person 0.540 0.752083 0.976852 0.03125 0.0425926
bicycle 0.571 0.621615 0.530093 0.0338542 0.108333
person 0.690 0.41875 0.124537 0.0239583 0.130556
person 0.750 0.778125 0.0375 0.0291667 0.075
person 0.760 0.611719 0.107407 0.0265625 0.125926
person 0.800 0.636719 0.480093 0.0546875 0.173148
person 0.810 0.457031 0.139815 0.0296875 0.125926
person 0.810 0.643229 0.1125 0.021875 0.128704
person 0.850 0.889844 0.819444 0.0661458 0.290741
person 0.890 0.138802 0.506019 0.0578125 0.210185
