person 0.280 0.0695312 0.325463 0.0223958 0.128704
person 0.280 0.195833 0.214352 0.028125 0.141667
bicycle 0.321 0.803646 0.113889 0.0177083 0.0759259
person 0.340 0.126302 0.286574 0.0338542 0.149074
person 0.340 0.76875 0.0398148 0.0239583 0.0796296
potted plant 0.3958 0.34375 0.126389 0.0427083 0.10463
car 0.392 0.367448 0.30463 0.106771 0.157407
bicycle 0.401 0.39401 0.961111 0.0411458 0.0777778
person 0.410 0.0291667 0.332407 0.034375 0.142593
person 0.500 0.702083 0.0152778 0.0114583 0.0305556
suitcase 0.5028 0.68151 0.665278 0.0630208 0.158333
person 0.550 0.927344 0.682407 0.0390625 0.153704
person 0.610 0.788802 0.0782407 0.0473958 0.147222
bicycle 0.621 0.441406 0.590278 0.0734375 0.163889
person 0.630 0.546615 0.0518519 0.0265625 0.103704
person 0.690 0.427604 0.525926 0.0604167 0.203704
person 0.690 0.0976562 0.405556 0.0526042 0.201852
person 0.700 0.219271 0.273611 0.0458333 0.165741
person 0.710 0.505469 0.125463 0.0317708 0.139815
person 0.770 0.598698 0.0430556 0.0203125 0.0861111
person 0.790 0.474479 0.272685 0.034375 0.158333
person 0.810 0.423438 0.905556 0.0697917 0.185185
person 0.810 0.0520833 0.937037 0.05625 0.124074
person 0.850 0.433333 0.258333 0.0333333 0.164815
person 0.860 0.877344 0.780093 0.0682292 0.252778
person 0.860 0.873177 0.159259 0.0328125 0.142593
