bicycle 0.281 0.79349 0.0884259 0.0380208 0.128704
bicycle 0.321 0.802865 0.114352 0.0182292 0.0768519
person 0.350 0.0294271 0.332407 0.0338542 0.142593
person 0.360 0.126302 0.286574 0.0338542 0.150926
bicycle 0.381 0.392708 0.960648 0.0375 0.0768519
car 0.392 0.367708 0.305556 0.107292 0.155556
potted plant 0.4058 0.34375 0.126389 0.0427083 0.10463
person 0.420 0.766406 0.0398148 0.0244792 0.0796296
person 0.450 0.702083 0.0166667 0.0125 0.0333333
suitcase 0.5128 0.68151 0.665741 0.0630208 0.159259
person 0.520 0.927604 0.681481 0.0395833 0.157407
person 0.580 0.789844 0.0791667 0.0453125 0.14537
bicycle 0.591 0.445573 0.5875 0.0713542 0.162037
person 0.660 0.503385 0.130093 0.0317708 0.137963
person 0.690 0.429427 0.526389 0.0598958 0.20463
person 0.700 0.546094 0.0518519 0.0255208 0.103704
person 0.710 0.0986979 0.406481 0.0505208 0.192593
person 0.720 0.216927 0.269907 0.0494792 0.175
person 0.770 0.599479 0.0425926 0.0208333 0.0851852
person 0.770 0.473698 0.272222 0.0348958 0.161111
person 0.780 0.421875 0.906944 0.0697917 0.182407
person 0.830 0.0557292 0.931944 0.0572917 0.134259
person 0.850 0.433333 0.259259 0.034375 0.168519
person 0.860 0.876562 0.778704 0.06875 0.251852
person 0.860 0.873177 0.159722 0.0328125 0.14537
