person 0.290 0.0736979 0.325926 0.0307292 0.122222
bicycle 0.341 0.79349 0.127778 0.0265625 0.0888889
person 0.350 0.127083 0.308796 0.034375 0.206481
potted plant 0.3858 0.34349 0.125 0.0421875 0.105556
person 0.390 0.697656 0.0189815 0.0140625 0.037963
bicycle 0.411 0.783854 0.100463 0.04375 0.137963
person 0.420 0.0294271 0.331481 0.0348958 0.144444
handbag 0.4426 0.878125 0.728704 0.0354167 0.0703704
person 0.490 0.144792 0.359259 0.0427083 0.2
bicycle 0.491 0.731771 0.0888889 0.0260417 0.0666667
suitcase 0.5528 0.68151 0.664815 0.0630208 0.159259
person 0.590 0.18125 0.290278 0.0375 0.182407
person 0.630 0.782552 0.0935185 0.0411458 0.135185
person 0.680 0.734115 0.0550926 0.0276042 0.102778
person 0.700 0.608333 0.0361111 0.0197917 0.0722222
bicycle 0.701 0.477344 0.537963 0.0807292 0.151852
person 0.720 0.960156 0.237037 0.0411458 0.151852
person 0.760 0.533073 0.0564815 0.0276042 0.112963
person 0.760 0.464323 0.48287 0.0557292 0.208333
person 0.790 0.482031 0.135185 0.0328125 0.15
person 0.810 0.380469 0.947222 0.0796875 0.105556
person 0.820 0.864323 0.710648 0.0651042 0.25463
person 0.840 0.87474 0.177315 0.0338542 0.15463
person 0.840 0.134375 0.886574 0.0604167 0.221296
person 0.850 0.403906 0.284259 0.0421875 0.175926
person 0.850 0.445312 0.297222 0.034375 0.17037
