person 0.270 0.0736979 0.326852 0.0317708 0.122222
handbag 0.3526 0.876562 0.710185 0.0322917 0.0592593
person 0.360 0.697656 0.0222222 0.0130208 0.0425926
bicycle 0.371 0.780469 0.10463 0.0505208 0.148148
person 0.430 0.025 0.330556 0.04375 0.148148
potted plant 0.4458 0.34401 0.125926 0.0442708 0.107407
bicycle 0.451 0.790885 0.135185 0.0286458 0.0907407
suitcase 0.4728 0.68151 0.665741 0.0630208 0.159259
bicycle 0.571 0.718229 0.102315 0.025 0.0675926
person 0.600 0.363021 0.961574 0.06875 0.075
person 0.610 0.611979 0.0356481 0.01875 0.0694444
person 0.630 0.477865 0.460185 0.0546875 0.187037
person 0.650 0.780469 0.102315 0.0494792 0.147222
bicycle 0.661 0.491146 0.52037 0.0729167 0.153704
person 0.660 0.720573 0.0662037 0.0286458 0.112037
person 0.660 0.527865 0.0583333 0.0276042 0.116667
person 0.690 0.168229 0.346296 0.046875 0.214815
person 0.690 0.476042 0.140278 0.0302083 0.139815
person 0.720 0.858854 0.924537 0.0833333 0.14537
person 0.720 0.957292 0.24213 0.0364583 0.149074
person 0.750 0.395312 0.296296 0.040625 0.17037
person 0.750 0.87526 0.183796 0.0348958 0.152778
person 0.820 0.863802 0.685185 0.0619792 0.231481
person 0.860 0.153125 0.86713 0.0604167 0.262037
person 0.860 0.435937 0.305093 0.0322917 0.175
