person 0.280 0.0739583 0.327315 0.03125 0.123148
person 0.330 0.126042 0.288426 0.034375 0.15463
person 0.360 0.0268229 0.331944 0.0411458 0.14537
person 0.420 0.857292 0.0388889 0.0166667 0.0703704
bicycle 0.441 0.560417 0.649074 0.0333333 0.127778
person 0.460 0.586719 0.155093 0.0432292 0.137963
person 0.470 0.836198 0.0375 0.0307292 0.0694444
motorcycle 0.493 0.210417 0.922222 0.102083 0.151852
suitcase 0.4928 0.366927 0.303241 0.107813 0.165741
bicycle 0.511 0.210417 0.922222 0.102083 0.15
suitcase 0.5428 0.681771 0.664352 0.0635417 0.160185
person 0.600 0.592448 0.0583333 0.0276042 0.107407
person 0.620 0.360677 0.170833 0.0317708 0.14537
person 0.700 0.889583 0.0768519 0.0291667 0.131481
person 0.750 0.599479 0.158796 0.0239583 0.136111
person 0.750 0.507812 0.099537 0.025 0.123148
person 0.780 0.581771 0.6 0.0604167 0.187037
person 0.790 0.179427 0.878241 0.0796875 0.232407
person 0.790 0.0184896 0.615741 0.0369792 0.227778
person 0.840 0.90026 0.627778 0.0630208 0.257407
person 0.850 0.564844 0.156019 0.0307292 0.143519
