person 0.310 0.0739583 0.327778 0.03125 0.124074
person 0.340 0.126042 0.288889 0.0354167 0.155556
person 0.360 0.0268229 0.331944 0.0411458 0.14537
person 0.390 0.843229 0.0398148 0.0291667 0.0685185
person 0.410 0.354688 0.16713 0.0291667 0.150926
person 0.440 0.832292 0.0314815 0.0239583 0.062963
person 0.490 0.856771 0.037963 0.0166667 0.0740741
person 0.510 0.588802 0.0606481 0.0265625 0.108333
suitcase 0.5328 0.366927 0.304167 0.107813 0.163889
bicycle 0.551 0.554167 0.662963 0.034375 0.114815
suitcase 0.5728 0.681771 0.664352 0.0635417 0.160185
person 0.630 0.0148437 0.644444 0.0296875 0.172222
bicycle 0.661 0.219792 0.915278 0.101042 0.165741
person 0.750 0.889063 0.0773148 0.0291667 0.130556
person 0.750 0.194531 0.863889 0.0776042 0.262963
person 0.770 0.51276 0.0976852 0.0244792 0.115741
person 0.810 0.903385 0.611111 0.0609375 0.240741
person 0.820 0.59349 0.164815 0.0286458 0.138889
person 0.840 0.576302 0.611574 0.0578125 0.202778
person 0.870 0.559115 0.156481 0.0307292 0.148148
