potted plant 0.2958 0.340365 0.12037 0.0390625 0.0981481
person 0.310 0.0713542 0.325 0.0291667 0.124074
backpack 0.3324 0.738542 0.0546296 0.0270833 0.0981481
person 0.350 0.457031 0.972222 0.0348958 0.0537037
suitcase 0.3628 0.366927 0.302315 0.108854 0.165741
suitcase 0.4028 0.681771 0.665278 0.0625 0.158333
bicycle 0.421 0.683073 0.395833 0.0203125 0.0916667
person 0.490 0.622656 0.0212963 0.0203125 0.0425926
person 0.520 0.0296875 0.332407 0.034375 0.144444
person 0.610 0.73776 0.0578704 0.0265625 0.106481
person 0.660 0.498437 0.0680556 0.025 0.128704
person 0.720 0.699219 0.0583333 0.0223958 0.114815
person 0.740 0.66849 0.0578704 0.0265625 0.115741
person 0.770 0.345833 0.2125 0.0302083 0.134259
person 0.780 0.698438 0.356481 0.0447917 0.162963
person 0.820 0.114323 0.390278 0.0421875 0.182407
person 0.860 0.247917 0.372685 0.0427083 0.193519
person 0.900 0.816146 0.825926 0.0572917 0.27037
