bicycle 0.261 0.796094 0.0740741 0.0401042 0.127778
person 0.290 0.125781 0.288426 0.0338542 0.156481
person 0.290 0.0239583 0.331481 0.0416667 0.151852
person 0.320 0.196354 0.21713 0.028125 0.141667
person 0.340 0.0734375 0.326852 0.0302083 0.125926
bicycle 0.351 0.804167 0.102778 0.0229167 0.0722222
potted plant 0.4258 0.34349 0.126852 0.0421875 0.103704
person 0.450 0.704427 0.0138889 0.0109375 0.0277778
suitcase 0.5428 0.681771 0.664815 0.0635417 0.159259
bicycle 0.591 0.416146 0.615278 0.0739583 0.176852
bicycle 0.621 0.415625 0.9375 0.04375 0.125
person 0.620 0.516146 0.1125 0.03125 0.14537
person 0.630 0.913802 0.708333 0.0328125 0.12963
person 0.690 0.552604 0.0472222 0.0270833 0.0944444
person 0.700 0.400781 0.57037 0.0609375 0.237037
person 0.740 0.794531 0.0671296 0.0432292 0.134259
person 0.760 0.238542 0.260185 0.0364583 0.162963
person 0.760 0.589583 0.0481481 0.021875 0.0944444
person 0.770 0.0575521 0.441204 0.0515625 0.193519
person 0.770 0.876302 0.145833 0.0348958 0.14537
person 0.790 0.490365 0.256481 0.0286458 0.157407
person 0.810 0.452344 0.242593 0.0359375 0.161111
person 0.820 0.885938 0.823148 0.059375 0.235185
person 0.830 0.448698 0.881481 0.0619792 0.233333
