person 0.260 0.0700521 0.326852 0.0223958 0.131481
bench 0.2713 0.367448 0.301389 0.107813 0.173148
potted plant 0.2858 0.339323 0.125 0.0380208 0.101852
person 0.350 0.126302 0.287963 0.0317708 0.146296
suitcase 0.3928 0.681771 0.664815 0.0625 0.159259
person 0.470 0.624479 0.0199074 0.0177083 0.0398148
person 0.510 0.0302083 0.33287 0.0322917 0.143519
bicycle 0.571 0.680208 0.40463 0.0260417 0.103704
person 0.570 0.826823 0.979167 0.0317708 0.0398148
person 0.660 0.489062 0.0893519 0.0208333 0.102778
person 0.660 0.742188 0.0541667 0.0291667 0.10463
person 0.740 0.661458 0.0625 0.0270833 0.113889
person 0.770 0.0966146 0.399074 0.0484375 0.192593
person 0.790 0.69401 0.0611111 0.0203125 0.12037
person 0.800 0.691146 0.369444 0.046875 0.162963
person 0.810 0.361458 0.196759 0.0270833 0.121296
person 0.880 0.804427 0.84537 0.0588542 0.264815
person 0.890 0.238802 0.377315 0.0442708 0.182407
