car 0.282 0.367969 0.303704 0.105729 0.159259
person 0.310 0.0736979 0.327315 0.0307292 0.125
bicycle 0.311 0.799479 0.0648148 0.0427083 0.127778
person 0.330 0.196615 0.216204 0.0286458 0.143519
person 0.340 0.705469 0.0111111 0.0109375 0.0222222
person 0.410 0.125521 0.287963 0.0333333 0.157407
motorcycle 0.413 0.432552 0.91713 0.0453125 0.156481
potted plant 0.4358 0.34349 0.126852 0.0432292 0.103704
bicycle 0.431 0.80651 0.0907407 0.0317708 0.0814815
suitcase 0.4728 0.68151 0.664815 0.0630208 0.159259
person 0.490 0.558854 0.0453704 0.0270833 0.087037
bicycle 0.501 0.431771 0.918056 0.04375 0.160185
person 0.530 0.798698 0.0643518 0.0432292 0.128704
person 0.570 0.528385 0.1125 0.0276042 0.134259
person 0.660 0.902604 0.736111 0.04375 0.109259
person 0.700 0.884896 0.847222 0.0614583 0.196296
person 0.720 0.583854 0.0523148 0.0208333 0.10463
bicycle 0.741 0.4 0.648148 0.078125 0.17037
person 0.760 0.384635 0.583333 0.0671875 0.207407
person 0.790 0.028125 0.459722 0.046875 0.178704
person 0.800 0.500781 0.243056 0.0307292 0.149074
person 0.820 0.252083 0.246296 0.034375 0.155556
person 0.840 0.87526 0.136111 0.0328125 0.144444
person 0.840 0.465885 0.236111 0.0380208 0.161111
person 0.880 0.458854 0.846759 0.0729167 0.236111
