person 0.290 0.0736979 0.327315 0.0307292 0.123148
person 0.330 0.0263021 0.332407 0.0411458 0.144444
person 0.340 0.125781 0.288426 0.0348958 0.15463
person 0.380 0.842708 0.0388889 0.028125 0.0685185
person 0.420 0.830208 0.0337963 0.025 0.0657407
suitcase 0.4428 0.366927 0.304167 0.107813 0.163889
person 0.450 0.857292 0.0384259 0.0177083 0.075
person 0.450 0.358333 0.17037 0.0302083 0.144444
bicycle 0.501 0.558333 0.65 0.0322917 0.133333
suitcase 0.5028 0.681771 0.664815 0.0635417 0.159259
person 0.520 0.591146 0.0597222 0.0270833 0.112037
bicycle 0.591 0.214583 0.917593 0.1 0.155556
person 0.730 0.889583 0.0773148 0.0291667 0.130556
person 0.740 0.509115 0.100463 0.0244792 0.119444
person 0.750 0.580208 0.602778 0.0604167 0.194444
person 0.770 0.0174479 0.618981 0.0348958 0.225
person 0.800 0.598177 0.160648 0.0244792 0.136111
person 0.810 0.182552 0.875 0.0765625 0.246296
person 0.840 0.901042 0.621759 0.0625 0.249074
person 0.860 0.563021 0.156944 0.0291667 0.143519
