person 0.280 0.196875 0.216204 0.028125 0.143519
person 0.320 0.0736979 0.327778 0.0307292 0.124074
bicycle 0.341 0.808854 0.0921296 0.021875 0.0787037
person 0.350 0.126042 0.288426 0.0333333 0.156481
suitcase 0.3928 0.954427 0.424537 0.0421875 0.210185
person 0.400 0.705208 0.012963 0.0114583 0.0259259
car 0.402 0.367969 0.303241 0.105729 0.158333
potted plant 0.4158 0.34349 0.126389 0.0421875 0.10463
suitcase 0.5328 0.68151 0.664815 0.0630208 0.159259
person 0.540 0.90599 0.728704 0.0411458 0.122222
person 0.610 0.558073 0.0467593 0.0244792 0.0935185
bicycle 0.621 0.424479 0.927315 0.0375 0.141667
person 0.660 0.523698 0.1125 0.0296875 0.136111
person 0.670 0.796354 0.0675926 0.0427083 0.133333
bicycle 0.701 0.40599 0.634722 0.0796875 0.175
person 0.730 0.586458 0.050463 0.0208333 0.0953704
person 0.730 0.390365 0.572222 0.0630208 0.207407
person 0.740 0.884375 0.8375 0.059375 0.202778
person 0.740 0.876302 0.143519 0.0338542 0.142593
person 0.790 0.0367187 0.453241 0.0390625 0.175
person 0.810 0.245052 0.254167 0.0348958 0.167593
person 0.830 0.495833 0.247685 0.0270833 0.15463
person 0.840 0.459635 0.2375 0.0328125 0.162037
person 0.840 0.454948 0.868056 0.0661458 0.247222
