bicycle 0.261 0.677083 0.410648 0.0447917 0.162037
bench 0.2713 0.367708 0.305093 0.108333 0.165741
person 0.310 0.071875 0.327778 0.0302083 0.125926
person 0.350 0.629948 0.0152778 0.0119792 0.0305556
potted plant 0.3958 0.342708 0.123611 0.0395833 0.102778
person 0.450 0.472656 0.0958333 0.0317708 0.112037
bicycle 0.491 0.66875 0.44213 0.03125 0.0953704
suitcase 0.5128 0.682031 0.663889 0.0630208 0.159259
person 0.620 0.747396 0.0490741 0.028125 0.0981481
person 0.710 0.0528646 0.425463 0.0484375 0.200926
person 0.760 0.679427 0.0763889 0.0223958 0.126852
person 0.770 0.678646 0.396296 0.0489583 0.161111
person 0.790 0.390885 0.17963 0.0244792 0.112963
person 0.790 0.648177 0.075463 0.0317708 0.130556
person 0.820 0.849479 0.934259 0.0666667 0.12963
person 0.880 0.21224 0.417593 0.0453125 0.198148
person 0.890 0.7875 0.888889 0.059375 0.211111
