person 0.260 0.0294271 0.331944 0.0348958 0.143519
person 0.270 0.126042 0.288889 0.034375 0.153704
motorcycle 0.293 0.272396 0.844444 0.0645833 0.194444
suitcase 0.3228 0.366927 0.303241 0.107813 0.163889
bicycle 0.331 0.522135 0.729167 0.0421875 0.134259
bicycle 0.371 0.835417 0.0560185 0.0364583 0.0824074
person 0.380 0.835156 0.0472222 0.0411458 0.0944444
motorcycle 0.423 0.521615 0.727315 0.0411458 0.132407
person 0.440 0.572656 0.0791667 0.0265625 0.115741
suitcase 0.4628 0.681771 0.664352 0.0635417 0.160185
person 0.590 0.325 0.203241 0.0302083 0.130556
bicycle 0.591 0.282031 0.837037 0.0921875 0.212963
person 0.630 0.851823 0.947222 0.0546875 0.105556
person 0.680 0.533333 0.0731481 0.0197917 0.101852
person 0.790 0.263802 0.772222 0.0723958 0.262963
person 0.800 0.883073 0.099537 0.0296875 0.134259
person 0.810 0.535156 0.180556 0.0307292 0.146296
person 0.820 0.567708 0.189352 0.028125 0.141667
person 0.830 0.921615 0.549537 0.0567708 0.247222
person 0.840 0.544531 0.674537 0.0640625 0.212037
