person 0.260 0.860156 0.0111111 0.0234375 0.0222222
car 0.272 0.367188 0.30463 0.107292 0.161111
person 0.290 0.446354 0.120833 0.0239583 0.0916667
person 0.300 0.0726563 0.327315 0.0317708 0.126852
person 0.310 0.436979 0.144907 0.0270833 0.123148
person 0.320 0.990885 0.894444 0.0182292 0.192593
person 0.340 0.127344 0.2875 0.0317708 0.149074
potted plant 0.3658 0.340625 0.125463 0.0416667 0.106481
person 0.390 0.0302083 0.331019 0.0322917 0.141667
bicycle 0.411 0.644531 0.481481 0.0286458 0.0962963
suitcase 0.5728 0.682031 0.663889 0.0630208 0.159259
person 0.640 0.759115 0.0430556 0.0255208 0.0861111
person 0.740 0.629687 0.0888889 0.028125 0.12037
person 0.740 0.0169271 0.459722 0.0338542 0.19537
person 0.760 0.661719 0.0953704 0.0223958 0.127778
person 0.770 0.660417 0.437037 0.0510417 0.172222
person 0.780 0.425 0.161111 0.0291667 0.116667
person 0.860 0.180208 0.451852 0.05 0.205556
person 0.870 0.767708 0.926389 0.0645833 0.147222
person 0.870 0.879427 0.883796 0.0640625 0.232407
