person 0.250 0.829427 0.037037 0.0359375 0.062963
person 0.250 0.861979 0.025463 0.0145833 0.0490741
person 0.260 0.197396 0.214815 0.0302083 0.140741
potted plant 0.3258 0.339844 0.125 0.0411458 0.107407
person 0.340 0.0736979 0.327315 0.0307292 0.123148
car 0.352 0.36875 0.302315 0.109375 0.167593
person 0.360 0.127083 0.2875 0.0322917 0.149074
motorcycle 0.423 0.591146 0.599537 0.0375 0.113889
person 0.420 0.85026 0.0314815 0.0286458 0.062963
person 0.520 0.60599 0.0509259 0.0234375 0.101852
suitcase 0.5928 0.681771 0.665278 0.0635417 0.158333
person 0.680 0.806771 0.0314815 0.0260417 0.0611111
person 0.690 0.385677 0.148611 0.0276042 0.137963
person 0.720 0.897135 0.0611111 0.0307292 0.122222
person 0.770 0.489062 0.11713 0.025 0.115741
person 0.780 0.89349 0.699537 0.0661458 0.256481
person 0.790 0.585417 0.132407 0.0291667 0.133333
person 0.810 0.61875 0.143056 0.0239583 0.134259
person 0.810 0.60599 0.55 0.0557292 0.188889
person 0.840 0.109115 0.926852 0.0994792 0.146296
person 0.890 0.0705729 0.57037 0.0703125 0.224074
