person 0.250 0.126042 0.272685 0.028125 0.126852
person 0.300 0.0734375 0.326389 0.0302083 0.121296
bicycle 0.331 0.798958 0.121759 0.0197917 0.0805556
bicycle 0.381 0.785937 0.0916667 0.0427083 0.140741
potted plant 0.4258 0.343229 0.125463 0.0427083 0.106481
person 0.420 0.0291667 0.332407 0.034375 0.142593
person 0.450 0.699479 0.0175926 0.0135417 0.0351852
suitcase 0.4928 0.681771 0.664815 0.0625 0.159259
person 0.560 0.96849 0.231944 0.0296875 0.149074
person 0.570 0.745313 0.050463 0.0270833 0.100926
person 0.600 0.938542 0.631481 0.0375 0.12037
person 0.630 0.452344 0.497222 0.0557292 0.212963
person 0.660 0.195573 0.296296 0.0390625 0.164815
bicycle 0.701 0.469531 0.552778 0.0713542 0.159259
person 0.700 0.785156 0.0902778 0.0421875 0.143519
person 0.700 0.130469 0.384259 0.0380208 0.17963
person 0.730 0.488802 0.135185 0.0317708 0.138889
person 0.740 0.538021 0.0546296 0.028125 0.109259
person 0.780 0.605208 0.037963 0.0208333 0.0759259
person 0.820 0.393229 0.93287 0.078125 0.134259
person 0.820 0.869531 0.728241 0.0640625 0.234259
person 0.830 0.874479 0.173148 0.034375 0.153704
person 0.840 0.455469 0.289815 0.0296875 0.168519
person 0.840 0.4125 0.272685 0.0354167 0.165741
person 0.840 0.108073 0.900463 0.0546875 0.19537
