person 0.260 0.00572917 0.349074 0.0114583 0.109259
person 0.290 0.197396 0.215278 0.0302083 0.141667
potted plant 0.3058 0.339844 0.125463 0.0401042 0.106481
person 0.330 0.0734375 0.327315 0.0302083 0.123148
person 0.340 0.0265625 0.331944 0.040625 0.143519
handbag 0.3426 0.865625 0.719444 0.0260417 0.157407
suitcase 0.3528 0.367708 0.302778 0.108333 0.164815
person 0.380 0.127083 0.2875 0.0333333 0.150926
bicycle 0.391 0.159635 0.959722 0.109896 0.0805556
person 0.430 0.844271 0.037037 0.0270833 0.0648148
bicycle 0.531 0.579167 0.616204 0.0270833 0.112037
person 0.540 0.81224 0.0305556 0.0203125 0.0611111
person 0.560 0.603906 0.0490741 0.0265625 0.0981481
suitcase 0.5728 0.681771 0.664815 0.0635417 0.159259
person 0.740 0.894792 0.0680556 0.0291667 0.128704
person 0.750 0.611719 0.144907 0.0265625 0.132407
person 0.760 0.128906 0.912963 0.0869792 0.172222
person 0.780 0.578906 0.141667 0.0317708 0.137037
person 0.780 0.496354 0.115741 0.025 0.118519
person 0.800 0.894792 0.672685 0.0697917 0.25463
person 0.800 0.378906 0.15 0.0317708 0.146296
person 0.840 0.600781 0.565278 0.0526042 0.193519
person 0.870 0.0466146 0.580556 0.0588542 0.22037
