person 0.270 0.0739583 0.327315 0.0322917 0.125
person 0.290 0.829687 0.062963 0.0333333 0.087037
person 0.310 0.0291667 0.332407 0.0354167 0.144444
person 0.360 0.12474 0.287963 0.0348958 0.157407
suitcase 0.3728 0.68151 0.665278 0.0630208 0.160185
suitcase 0.3728 0.944271 0.491667 0.0510417 0.216667
motorcycle 0.383 0.478125 0.8125 0.040625 0.143519
bicycle 0.391 0.477344 0.812963 0.0401042 0.138889
car 0.402 0.367448 0.303241 0.107813 0.162037
person 0.410 0.94401 0.493519 0.0505208 0.218519
potted plant 0.4458 0.341146 0.125463 0.0427083 0.106481
person 0.480 0.572135 0.0356481 0.0244792 0.0712963
bicycle 0.541 0.830729 0.0694444 0.03125 0.0833333
bicycle 0.561 0.34349 0.736111 0.0848958 0.187037
person 0.580 0.553906 0.100463 0.0317708 0.143519
person 0.600 0.8125 0.0537037 0.0364583 0.107407
person 0.610 0.289062 0.225926 0.03125 0.148148
person 0.730 0.328906 0.666667 0.0723958 0.227778
person 0.740 0.533594 0.213426 0.0348958 0.149074
person 0.800 0.503646 0.208333 0.034375 0.153704
person 0.810 0.878646 0.117593 0.0302083 0.142593
person 0.810 0.874219 0.887963 0.0723958 0.224074
person 0.880 0.502344 0.753704 0.0640625 0.224074
