bench 0.2613 0.367708 0.305093 0.108333 0.165741
person 0.270 0.127083 0.2875 0.03125 0.147222
person 0.360 0.629427 0.0157407 0.0130208 0.0314815
potted plant 0.3858 0.342708 0.123611 0.0395833 0.102778
person 0.390 0.0723958 0.329167 0.0302083 0.126852
bicycle 0.491 0.667708 0.440278 0.0270833 0.0935185
suitcase 0.5128 0.682031 0.663889 0.0630208 0.159259
person 0.540 0.473177 0.0939815 0.0276042 0.110185
person 0.630 0.747135 0.049537 0.0276042 0.0990741
person 0.750 0.679948 0.0782407 0.0213542 0.125
person 0.760 0.389583 0.181944 0.025 0.112037
person 0.780 0.0583333 0.421759 0.0541667 0.208333
person 0.780 0.648958 0.0763889 0.03125 0.130556
person 0.790 0.679167 0.395833 0.0489583 0.167593
person 0.810 0.847656 0.936111 0.0671875 0.127778
person 0.870 0.214062 0.411574 0.0458333 0.191667
person 0.890 0.788021 0.8875 0.0604167 0.219444
