surfboard 0.2937 0.866406 0.883333 0.0234375 0.174074
person 0.290 0.990885 0.89213 0.0182292 0.189815
person 0.310 0.0734375 0.327315 0.0302083 0.125
person 0.360 0.0294271 0.331944 0.0348958 0.143519
potted plant 0.3958 0.342708 0.125463 0.04375 0.108333
person 0.410 0.127344 0.287037 0.0317708 0.15
person 0.420 0.854167 0.0180556 0.0302083 0.0361111
car 0.432 0.367188 0.303704 0.107292 0.162963
suitcase 0.5428 0.682031 0.664352 0.0630208 0.158333
bicycle 0.551 0.623438 0.524074 0.0333333 0.109259
person 0.580 0.420833 0.125 0.0239583 0.131481
person 0.640 0.754167 0.972685 0.0333333 0.0490741
person 0.750 0.77526 0.037963 0.0307292 0.0759259
person 0.770 0.613542 0.106481 0.0270833 0.124074
person 0.770 0.454427 0.139815 0.0276042 0.131481
person 0.780 0.640104 0.474074 0.0520833 0.175926
person 0.820 0.889063 0.821296 0.0666667 0.285185
person 0.830 0.645052 0.111111 0.0223958 0.125926
person 0.890 0.142969 0.498611 0.0546875 0.210185
