person 0.260 0.0283854 0.332407 0.0359375 0.142593
suitcase 0.2728 0.367188 0.301852 0.108333 0.164815
person 0.270 0.864323 0.0194444 0.0192708 0.0388889
person 0.280 0.0736979 0.327315 0.0317708 0.125
handbag 0.2826 0.916927 0.543981 0.0223958 0.134259
suitcase 0.2828 0.91849 0.549537 0.0255208 0.136111
person 0.280 0.126042 0.288426 0.0354167 0.15463
bicycle 0.301 0.822396 0.0541667 0.034375 0.102778
person 0.360 0.575521 0.037963 0.0229167 0.0759259
suitcase 0.4128 0.681771 0.665278 0.0635417 0.160185
potted plant 0.4158 0.341406 0.125463 0.0442708 0.106481
person 0.440 0.545052 0.0763889 0.0213542 0.121296
person 0.470 0.303125 0.210185 0.0427083 0.151852
person 0.500 0.821354 0.0532407 0.0333333 0.106481
bicycle 0.521 0.836198 0.0643518 0.0317708 0.0787037
person 0.530 0.56276 0.0875 0.0328125 0.143519
bicycle 0.591 0.494531 0.775463 0.0401042 0.130556
bicycle 0.611 0.322917 0.775 0.078125 0.198148
person 0.660 0.548437 0.202315 0.025 0.143519
person 0.740 0.878906 0.109259 0.0307292 0.137037
person 0.760 0.863802 0.910185 0.0734375 0.177778
person 0.760 0.302083 0.710185 0.0697917 0.251852
person 0.800 0.939583 0.511574 0.053125 0.230556
person 0.840 0.516406 0.197685 0.0317708 0.152778
person 0.860 0.520312 0.716204 0.0666667 0.212037
