potted plant 0.2558 0.339844 0.125 0.0390625 0.101852
person 0.250 0.00546875 0.351389 0.0109375 0.10463
bench 0.2713 0.367708 0.302315 0.108333 0.171296
person 0.290 0.126823 0.287037 0.0276042 0.138889
person 0.310 0.0692708 0.331944 0.021875 0.139815
suitcase 0.3628 0.681771 0.664815 0.0625 0.159259
person 0.460 0.625781 0.0199074 0.0161458 0.0398148
person 0.500 0.0304688 0.333796 0.0328125 0.143519
bicycle 0.561 0.679688 0.406944 0.028125 0.108333
person 0.590 0.4875 0.0912037 0.0197917 0.0972222
person 0.660 0.829427 0.972222 0.0421875 0.0518519
person 0.720 0.743229 0.0523148 0.0291667 0.10463
person 0.760 0.659635 0.0615741 0.0265625 0.115741
person 0.790 0.690104 0.372222 0.046875 0.161111
person 0.800 0.691406 0.062963 0.0223958 0.12037
person 0.810 0.366667 0.197222 0.0302083 0.118519
person 0.830 0.0895833 0.406481 0.0385417 0.188889
person 0.840 0.801302 0.858796 0.0598958 0.260185
person 0.880 0.235417 0.38287 0.0427083 0.186111
