person 0.300 0.0713542 0.325 0.0291667 0.124074
potted plant 0.3058 0.340885 0.119444 0.0390625 0.0962963
backpack 0.3324 0.738281 0.0541667 0.0276042 0.0972222
suitcase 0.3828 0.367188 0.302778 0.108333 0.164815
bicycle 0.391 0.682813 0.395833 0.01875 0.087963
suitcase 0.4428 0.681771 0.665278 0.0625 0.158333
person 0.460 0.458594 0.969907 0.0421875 0.0601852
person 0.470 0.622135 0.0217593 0.0192708 0.0435185
person 0.520 0.0296875 0.332407 0.034375 0.144444
person 0.620 0.73776 0.0578704 0.0265625 0.106481
person 0.690 0.50026 0.0694444 0.0255208 0.125926
person 0.720 0.670313 0.0578704 0.0291667 0.115741
person 0.720 0.7 0.0587963 0.021875 0.113889
person 0.760 0.344531 0.213426 0.0276042 0.132407
person 0.800 0.699479 0.354167 0.0458333 0.162037
person 0.810 0.116667 0.3875 0.0447917 0.178704
person 0.810 0.249219 0.367593 0.0432292 0.183333
person 0.910 0.817187 0.824074 0.0583333 0.272222
