person 0.270 0.125781 0.288426 0.0348958 0.152778
person 0.300 0.0294271 0.331944 0.0348958 0.143519
surfboard 0.3137 0.891146 0.610185 0.0239583 0.118519
suitcase 0.3528 0.367188 0.303704 0.107292 0.162963
bicycle 0.361 0.846354 0.0513889 0.0260417 0.0731481
person 0.490 0.333073 0.193056 0.0286458 0.117593
suitcase 0.5028 0.68151 0.664815 0.0630208 0.159259
person 0.520 0.836719 0.0444444 0.0338542 0.0851852
bicycle 0.541 0.530208 0.712037 0.040625 0.116667
bicycle 0.551 0.261198 0.86713 0.0692708 0.208333
person 0.580 0.525781 0.0912037 0.0213542 0.108333
person 0.690 0.247917 0.796296 0.0770833 0.268519
person 0.710 0.854948 0.963889 0.0453125 0.0722222
person 0.800 0.575521 0.184722 0.025 0.139815
person 0.800 0.541406 0.174074 0.0296875 0.138889
person 0.830 0.916146 0.573148 0.0614583 0.244444
person 0.830 0.883854 0.087963 0.028125 0.135185
person 0.880 0.553125 0.661574 0.059375 0.217593
