person 0.290 0.0695312 0.312037 0.0234375 0.1
person 0.290 0.125781 0.287963 0.0328125 0.148148
bicycle 0.341 0.803906 0.111111 0.0182292 0.0740741
person 0.340 0.0294271 0.33287 0.0338542 0.141667
bicycle 0.381 0.401042 0.955556 0.0395833 0.087037
potted plant 0.4358 0.34375 0.125926 0.0427083 0.105556
person 0.450 0.703385 0.0138889 0.0119792 0.0277778
car 0.462 0.368229 0.304167 0.107292 0.156481
suitcase 0.5428 0.68151 0.665278 0.0630208 0.158333
person 0.590 0.923698 0.694444 0.0390625 0.155556
person 0.630 0.790104 0.074537 0.04375 0.14537
person 0.690 0.507292 0.125463 0.0260417 0.141667
person 0.690 0.0361979 0.949074 0.0536458 0.101852
person 0.720 0.419792 0.540278 0.059375 0.215741
person 0.740 0.225 0.268981 0.0364583 0.160185
person 0.740 0.595312 0.0449074 0.021875 0.0898148
bicycle 0.741 0.432031 0.597685 0.0828125 0.163889
person 0.750 0.547396 0.0490741 0.0260417 0.0981481
person 0.760 0.429167 0.898148 0.0729167 0.2
person 0.800 0.439323 0.255556 0.0359375 0.161111
person 0.800 0.874479 0.15787 0.0333333 0.14537
person 0.820 0.078125 0.427315 0.0354167 0.173148
person 0.830 0.479688 0.265278 0.0302083 0.165741
person 0.870 0.878906 0.791667 0.0630208 0.237037
