person 0.260 0.197396 0.214815 0.0302083 0.140741
potted plant 0.2958 0.339583 0.124537 0.040625 0.108333
handbag 0.3026 0.864062 0.75787 0.0239583 0.150926
person 0.310 0.861979 0.025 0.0145833 0.0481481
person 0.310 0.388542 0.148148 0.0270833 0.12963
suitcase 0.3328 0.864583 0.762037 0.025 0.148148
person 0.340 0.0736979 0.327315 0.0307292 0.123148
person 0.360 0.127083 0.287037 0.0322917 0.15
car 0.412 0.367708 0.304167 0.108333 0.162037
person 0.430 0.848698 0.0314815 0.0296875 0.062963
bicycle 0.491 0.591667 0.590741 0.0354167 0.12037
person 0.540 0.607292 0.0537037 0.0229167 0.107407
suitcase 0.5628 0.681771 0.665278 0.0635417 0.158333
person 0.700 0.805469 0.0314815 0.0276042 0.0611111
person 0.740 0.897656 0.0611111 0.0296875 0.122222
person 0.740 0.586979 0.131481 0.0270833 0.131481
person 0.750 0.4875 0.118981 0.025 0.119444
person 0.790 0.607292 0.548611 0.05625 0.187963
person 0.790 0.890885 0.705556 0.0682292 0.257407
person 0.800 0.620833 0.138889 0.0229167 0.131481
person 0.880 0.101042 0.933333 0.0979167 0.131481
person 0.900 0.0739583 0.566667 0.0614583 0.222222
