person 0.250 0.00572917 0.349074 0.0114583 0.111111
person 0.270 0.823438 0.0305556 0.0177083 0.0592593
person 0.270 0.197396 0.213426 0.0302083 0.141667
potted plant 0.2958 0.338281 0.124074 0.0359375 0.1
person 0.290 0.0736979 0.327315 0.0307292 0.123148
person 0.350 0.0265625 0.331944 0.040625 0.143519
person 0.360 0.126302 0.288889 0.0338542 0.153704
person 0.430 0.858594 0.0375 0.0151042 0.0657407
bicycle 0.461 0.566927 0.638889 0.0380208 0.122222
person 0.460 0.834375 0.037963 0.0302083 0.0666667
bicycle 0.501 0.210677 0.930093 0.0807292 0.134259
suitcase 0.5028 0.367188 0.303704 0.108333 0.162963
suitcase 0.5728 0.682031 0.664815 0.0640625 0.159259
person 0.630 0.596094 0.0523148 0.0265625 0.0990741
person 0.680 0.365625 0.162037 0.0302083 0.148148
person 0.730 0.890365 0.0736111 0.0286458 0.130556
person 0.770 0.504167 0.10463 0.0239583 0.118519
person 0.770 0.601823 0.156481 0.0234375 0.137037
person 0.800 0.567969 0.153704 0.0328125 0.146296
person 0.830 0.171094 0.884722 0.0838542 0.221296
person 0.840 0.0236979 0.6125 0.0473958 0.232407
person 0.840 0.585156 0.588426 0.0619792 0.186111
person 0.860 0.896615 0.64213 0.0640625 0.263889
