person 0.270 0.0736979 0.327778 0.0307292 0.124074
person 0.300 0.990885 0.89537 0.0182292 0.192593
person 0.320 0.127604 0.2875 0.028125 0.14537
car 0.362 0.367448 0.30463 0.107813 0.159259
potted plant 0.3858 0.342969 0.125926 0.0401042 0.103704
suitcase 0.4428 0.682031 0.664352 0.0630208 0.160185
bicycle 0.481 0.658854 0.454167 0.0354167 0.123148
person 0.580 0.457812 0.100926 0.0260417 0.124074
person 0.680 0.6375 0.0842593 0.0270833 0.114815
person 0.700 0.411198 0.158333 0.0255208 0.101852
person 0.710 0.025 0.455556 0.04375 0.183333
person 0.730 0.66901 0.419444 0.0505208 0.159259
person 0.730 0.753906 0.0458333 0.0286458 0.0916667
person 0.800 0.66875 0.0865741 0.0239583 0.121296
person 0.850 0.871094 0.902315 0.0776042 0.19537
person 0.860 0.195573 0.436111 0.0463542 0.196296
person 0.870 0.775 0.912963 0.0645833 0.174074
