person 0.260 0.628906 0.0421296 0.0265625 0.0842593
person 0.280 0.990885 0.89213 0.0182292 0.189815
person 0.310 0.0734375 0.327315 0.0302083 0.125
person 0.350 0.0296875 0.331944 0.034375 0.143519
potted plant 0.3858 0.342969 0.125463 0.0432292 0.108333
surfboard 0.3937 0.867448 0.880556 0.0255208 0.172222
person 0.390 0.126823 0.2875 0.0317708 0.149074
car 0.432 0.367188 0.303704 0.107292 0.162963
person 0.440 0.854167 0.0185185 0.0291667 0.037037
bicycle 0.441 0.621615 0.526389 0.0317708 0.110185
person 0.590 0.753385 0.975 0.0317708 0.0444444
suitcase 0.6028 0.682031 0.664352 0.0630208 0.158333
person 0.630 0.419271 0.125 0.0229167 0.12963
person 0.730 0.776563 0.037037 0.0302083 0.0740741
person 0.770 0.613021 0.106944 0.0270833 0.123148
person 0.770 0.6375 0.477778 0.053125 0.175926
person 0.810 0.45599 0.139815 0.0296875 0.127778
person 0.820 0.64349 0.112963 0.0213542 0.12963
person 0.830 0.889583 0.822222 0.0666667 0.290741
person 0.880 0.141146 0.501852 0.05625 0.207407
