person 0.270 0.0291667 0.331944 0.0354167 0.143519
car 0.282 0.368229 0.303241 0.107292 0.167593
person 0.290 0.126042 0.287963 0.034375 0.153704
person 0.320 0.571875 0.0796296 0.0260417 0.114815
bicycle 0.351 0.286198 0.828241 0.0942708 0.213889
person 0.360 0.834635 0.0481481 0.0421875 0.0962963
bicycle 0.391 0.842448 0.0564815 0.0286458 0.0777778
suitcase 0.4628 0.681771 0.664352 0.0635417 0.160185
person 0.470 0.323438 0.209259 0.028125 0.12037
motorcycle 0.533 0.51875 0.729167 0.0385417 0.128704
motorcycle 0.573 0.284375 0.829167 0.0885417 0.208333
person 0.630 0.533854 0.0731481 0.0208333 0.103704
person 0.660 0.851823 0.945833 0.0567708 0.108333
person 0.780 0.882812 0.0990741 0.0302083 0.135185
person 0.800 0.533594 0.181944 0.0296875 0.149074
person 0.810 0.923698 0.543981 0.0598958 0.237963
person 0.810 0.565625 0.190741 0.0291667 0.137037
person 0.820 0.268229 0.741667 0.0739583 0.214815
person 0.870 0.542188 0.675 0.0625 0.209259
