person 0.290 0.0736979 0.326852 0.0317708 0.125926
person 0.300 0.546354 0.104167 0.0291667 0.130556
person 0.310 0.0289063 0.332407 0.0359375 0.144444
suitcase 0.3628 0.947396 0.471296 0.0479167 0.216667
person 0.360 0.12474 0.287963 0.0348958 0.157407
car 0.362 0.367969 0.303241 0.106771 0.162037
person 0.420 0.279167 0.23287 0.0291667 0.139815
potted plant 0.4258 0.341406 0.125 0.0432292 0.105556
suitcase 0.4628 0.681771 0.664815 0.0635417 0.159259
bicycle 0.481 0.817708 0.0740741 0.0447917 0.087037
bicycle 0.631 0.464323 0.842593 0.0359375 0.135185
person 0.660 0.565625 0.0592593 0.021875 0.111111
person 0.680 0.808594 0.0550926 0.0369792 0.110185
bicycle 0.711 0.358854 0.70787 0.0802083 0.189815
person 0.740 0.344271 0.641667 0.0677083 0.233333
person 0.760 0.875781 0.864352 0.0619792 0.243519
person 0.760 0.523698 0.223611 0.0276042 0.150926
person 0.790 0.878906 0.120833 0.0317708 0.141667
person 0.810 0.491406 0.2125 0.0328125 0.150926
person 0.850 0.490104 0.7875 0.06875 0.232407
